0.8970588235294118 7385
0.8934707903780069 8380
0.8913043478260869 0606
0.8897058823529411 4206
0.8736842105263158 11628
0.8698224852071006 11009
0.8633879781420765 11437
0.8466257668711656 5875 11340
0.8455882352941176 5875 8847
0.8446601941747574 1665
0.8390804597701149 6369
0.8390804597701149 6142
0.8387096774193549 11636
0.8285714285714285 2476
0.8284313725490196 7181
0.8257575757575757 1891
0.8223140495867769 5875 10213
0.8134155744024673 5875
0.8118811881188119 3254 5875
0.8099173553719008 8860
0.8085106382978724 4362
0.8041237113402062 10763
0.8 2560 12031
0.7878787878787878 12187
0.7862595419847328 0192
0.7844827586206897 4790
0.7741935483870968 1438 11340
0.7714285714285715 2560 5875
0.7706422018348624 10307
0.7688022284122562 5126
0.7563025210084033 6431
0.7462686567164178 11078
0.7396907216494846 3254
0.736842105263158 7768
0.734959349593496 11340
0.7272727272727273 10483
0.7245508982035929 5520
0.7164948453608248 7116
0.7142857142857143 5599
0.7115384615384616 2560
0.7047619047619047 5444
0.704225352112676 4079
0.7028753993610224 1438
0.6993464052287581 7822
0.6956521739130435 3828
0.6875 4175
0.6842105263157895 3306
0.6832298136645962 8933
0.6772151898734178 3880
0.6533333333333333 6282
0.633587786259542 1067
0.5842696629213483 10485
0.5784313725490196 3880 5875
0.5714285714285714 3818
0.47933884297520657 9726
0.4365079365079365 9801
0.42105263157894735 7574
0.4182692307692307 10213
0.408695652173913 8847
0.2962962962962963 0286
0.2592592592592593 12031
