0.90625 4616 11868
0.8775510204081632 1565 8933
0.8656716417910448 9628
0.8461538461538461 9547
0.841726618705036 8477
0.8369304556354916 10763 11340
0.8345323741007195 12123
0.8247422680412371 0192
0.821917808219178 8933
0.8153846153846154 1847
0.815068493150685 7070
0.81 9776
0.8072289156626506 8003
0.7903780068728522 10510
0.778894472361809 5865
0.7757847533632287 5336
0.7734375 8769
0.7729468599033816 8262
0.7712418300653595 0554
0.7708333333333334 5579 10763
0.7631578947368421 6468
0.7613636363636364 1342
0.7604166666666666 5094 11340
0.7567567567567568 8933 11340
0.751269035532995 8535
0.7481481481481482 7868
0.7413793103448276 3440
0.7401574803149606 9396
0.7373737373737373 9396 11340
0.736842105263158 9070
0.7272727272727273 10763
0.7254901960784313 9811 10763
0.7234042553191489 8064
0.7173913043478262 3229
0.7142857142857143 9396 10763
0.7115384615384616 5815
0.711340206185567 4362 10763
0.7103448275862069 11078
0.7102154273801251 11340
0.7090909090909091 5094
0.7079365079365079 11628
0.7058823529411764 2830
0.7058823529411764 8933 10763
0.703125 3828
0.69377990430622 4616
0.6847826086956521 10069
0.6754385964912281 9801
0.6744186046511628 6142 7153 11340
0.6699029126213591 10043
0.665 8438 10763
0.6644736842105263 9811
0.6538461538461539 4947
0.651685393258427 5915
0.6467391304347826 1440 8933
0.6326530612244898 2850
0.6309523809523809 8438 8933
0.625 2510
0.6219081272084805 5755
0.6196078431372549 4362
0.6132075471698113 9290
0.5829787234042554 6142
0.5824634655532359 8438
0.5794392523364487 4802 5755
0.5578947368421052 1438 11340
0.5555555555555556 4947 10763
0.5476190476190477 3818
0.5177664974619289 1438
0.5 4947 11340
0.4285714285714286 11868
0.4122807017543859 8438 11340
0.38888888888888884 3470
0.37777777777777777 6142 10763
0.35888501742160284 1440
0.34183673469387754 6142 7153
0.3264604810996563 7153
0.32413793103448274 1565
0.31746031746031744 6142 11340
0.3085106382978723 1440 10763
0.28358208955223885 5579
0.1705426356589147 4802
0.1103448275862069 7153 11340
