0.8922155688622755 3518
0.8730769230769231 3603
0.8687258687258688 5126
0.8671497584541062 0109 0801
0.86 2296 6608
0.8571428571428572 2275
0.8559322033898304 11187
0.8521739130434782 5174
0.8504983388704319 9070
0.8504672897196262 2296 4362
0.8504201680672269 8933
0.8492063492063492 0801 6528
0.847926267281106 8784
0.8461538461538461 6998
0.8461538461538461 10123
0.8446069469835467 1015
0.8440366972477065 8288
0.8412698412698413 2296
0.8357142857142857 2368
0.8333333333333334 6715
0.8244274809160306 10254
0.823076923076923 2570
0.8189655172413793 6652
0.8176470588235294 2296 8333
0.8173598553345389 11628
0.8145933014354068 4362
0.8135593220338984 12123
0.8110236220472441 9811
0.8105263157894737 2296 9248
0.8064516129032258 2671
0.8051948051948052 0859
0.801948051948052 10483
0.8015267175572519 6733
0.8 12061
0.7941176470588236 7116
0.7885906040268457 6528
0.780952380952381 5875
0.7747368421052632 10763
0.7674418604651163 10288
0.7657657657657657 6578
0.7620817843866171 3440
0.7575757575757576 4882
0.75 5094
0.7433628318584071 3027
0.7346938775510203 7783
0.7284768211920529 1209
0.7175141242937852 7069
0.7155963302752293 2560
0.7155963302752293 2163
0.712962962962963 1824 8333
0.711864406779661 2101
0.7093023255813953 6056
0.697508896797153 7055
0.6967741935483871 0801 4362
0.6927710843373494 9801
0.6925858951175408 8333
0.6714975845410628 8380
0.6545454545454545 4790
0.6468253968253967 1565
0.6413043478260869 9310
0.6135265700483092 9646
0.6011560693641618 0109
0.5933014354066986 2608
0.5904761904761905 9204
0.5764705882352941 7775
0.5743243243243243 9454
0.5553168635875403 0801
0.5476190476190477 3019
0.5263157894736843 7401
0.4893617021276596 5936
0.4864864864864865 9248
0.485981308411215 0801 10763
0.48514851485148514 0801 11628
0.4504504504504504 5747
0.29807692307692313 5079
0.2230215827338129 1824
0.19999999999999996 6608
