0.9274193548387096 1485
0.91 1688
0.9098360655737705 11187
0.9069767441860466 9070
0.9045226130653267 8784
0.892156862745098 1565 4488 7244
0.8907563025210083 7983
0.8789346246973365 10340
0.8773584905660378 2275
0.8709677419354839 4184
0.8706896551724138 1565 8933
0.8666666666666667 2248
0.8666666666666667 1923
0.8620689655172413 4362
0.8613861386138614 10169
0.8557213930348259 6897
0.855072463768116 10474
0.8514851485148515 4359
0.8472727272727273 5126
0.8472622478386167 3440
0.8448275862068966 10483
0.8394495412844036 10752
0.8376068376068376 3518
0.8333333333333334 3637
0.8310810810810811 7822
0.8275862068965517 10319
0.8235294117647058 8295
0.8217270194986073 11628
0.8173076923076923 5094
0.8156028368794326 2376
0.8144329896907216 10398
0.8135593220338984 2106
0.8125 2947
0.810304449648712 9811
0.8080808080808081 2044
0.7971014492753623 2728
0.7904191616766467 6369
0.7889908256880733 10042
0.7889447236180904 8333
0.7777777777777778 4790
0.7558823529411764 1565
0.7530120481927711 1565 11250
0.752 4008
0.7518248175182481 11476
0.7459016393442623 0557
0.736842105263158 9739
0.7303921568627452 0173
0.711340206185567 8472
0.7011070110701108 11696
0.693069306930693 7513
0.6793893129770993 8711
0.6632653061224489 8118
0.651685393258427 9047
0.6195856873822976 4488
0.6168224299065421 1565 10479
0.5958188153310104 8933
0.5882352941176471 4385
0.5833333333333333 9628
0.5561497326203209 11250
0.5540540540540541 8077
0.51 4486
0.49504950495049505 4488 7244
0.41208791208791207 10479
0.24344569288389517 7244
0.2272727272727273 1565 4488
0.19047619047619047 1565 7244
0.10256410256410253 4992
