0.9072079536039768 10752
0.8928571428571429 3880 10752
0.8876404494382022 1345
0.8853754940711462 5865
0.881578947368421 2947 9739
0.8766233766233766 0931
0.8761609907120743 8860
0.8727272727272728 5205
0.869281045751634 6253 8784
0.8639455782312925 10982
0.8623188405797102 4973
0.8602941176470589 9070
0.86 4155
0.855036855036855 7055
0.8540925266903915 10439
0.8537735849056604 5094
0.8530259365994236 8784
0.8506493506493507 8333
0.8504672897196262 1144 10752
0.8504273504273504 10006
0.8497913769123783 5126
0.8492063492063492 7592 12061
0.84375 1658
0.8430493273542601 5174
0.8425287356321839 8933
0.8415841584158416 4362
0.8358974358974359 7509
0.8340248962655602 9318
0.8333333333333334 3440
0.8321167883211679 1209 8933
0.8275862068965517 8421
0.8269230769230769 6918
0.8164556962025317 5232
0.8161764705882353 2122
0.8098591549295775 4186
0.8045977011494253 11628
0.803347280334728 3828
0.8 6733
0.8 9124
0.7992831541218638 1642
0.799043062200957 8406
0.7944954128440367 3880
0.7875647668393783 7181
0.7851239669421488 7610
0.7847682119205298 4805
0.7845911949685535 1209
0.784 4463
0.7797619047619048 10483
0.7761194029850746 6474
0.7744807121661721 9739
0.7704918032786885 11009
0.7679558011049724 3818 9887
0.7631578947368421 0098 5515
0.7586206896551724 5599
0.751269035532995 6393
0.7394366197183099 2570
0.7294117647058824 3027
0.7272727272727273 6860
0.7086614173228347 9017
0.706140350877193 11476
0.6974789915966386 0192
0.6853932584269663 11591
0.6626506024096386 1105
0.6519230769230769 3818
0.6341463414634146 11618
0.6205673758865249 1144
0.6185567010309279 0916
0.5789473684210527 2425
0.5771812080536913 7592
0.5757575757575757 12061
0.5425531914893618 10082
0.5032679738562091 1565
0.4892703862660944 10069
0.3742690058479532 1067
0.3739130434782608 4024
0.37106918238993714 1848
0.31506849315068497 3118
0.31188118811881194 8699
0.28301886792452835 2947
0.2404371584699454 8769
0.20143884892086328 8699 8769
0.14925373134328357 5515
0.11627906976744184 0098
0.11560693641618502 6253
0.0672268907563025 8699 10069
0.037234042553191515 9887
0.017699115044247815 8769 10069
