0.009118190212373038 2044
0.007386888273314866 4946
0.006232686980609419 8421
0.006001846722068329 7822 9628
0.005424746075715605 3254 5875
0.005193905817174515 1565 10479 11250
0.0050784856879039705 4266
0.004963065558633426 1848 3118 8784
0.004847645429362881 3414
0.004501385041551247 2008
0.004501385041551247 1565 5094 8933
0.0043859649122807015 7622
0.0043859649122807015 6134
0.0043859649122807015 9318
0.0043859649122807015 2830
0.004270544783010157 5236 7822
0.004270544783010157 1565 4486 11250
0.004155124653739612 10474
0.004039704524469067 6897
0.004039704524469067 8933 9290
0.004039704524469067 6142 7153 10763 11340
0.004039704524469067 0185
0.0039242843951985225 11556
0.0039242843951985225 4463
0.003808864265927978 4126
0.003693444136657433 2732
0.003693444136657433 5815 8860
0.003693444136657433 4616 8933
0.003693444136657433 6393
0.003693444136657433 5815 8933
0.003693444136657433 11291
0.0035780240073868884 10162
0.0035780240073868884 11485
0.0035780240073868884 2365
0.0035780240073868884 10524
0.0035780240073868884 2047 5520 7822
0.0034626038781163434 4024 11340
0.0034626038781163434 4962
0.0034626038781163434 1308
0.0034626038781163434 1250
0.0034626038781163434 3411
0.0034626038781163434 5220
0.0034626038781163434 1485
0.003347183748845799 0920
0.003347183748845799 3880 9739
0.003347183748845799 3203
0.003347183748845799 9124
0.003347183748845799 6169
0.003347183748845799 8784 10069
0.003347183748845799 1565 8933 11250
0.003347183748845799 1488
0.003231763619575254 2141
0.003231763619575254 10457
0.003231763619575254 3229 9396
0.003231763619575254 5815 11340
0.003231763619575254 2047 8784
0.003231763619575254 0716
0.003231763619575254 3306 11340
0.0031163434903047093 1438 8784
0.0031163434903047093 1438 11004
0.0031163434903047093 9314
0.0031163434903047093 8852
0.0031163434903047093 5205
0.0031163434903047093 2248
0.0031163434903047093 1067 1565 8933
0.0031163434903047093 1565 5875
0.0030009233610341643 10169
0.0030009233610341643 10411
0.0030009233610341643 11846
0.0030009233610341643 4024 8784
0.0030009233610341643 8933 11696
0.0030009233610341643 6353
0.0030009233610341643 10307 11340
0.0030009233610341643 1209 8933
0.0030009233610341643 4616 11868
0.0028855032317636198 2947 9739 10042
0.0028855032317636198 7958
0.0028855032317636198 8784 10752
0.0028855032317636198 8933 11078
0.0028855032317636198 4881 10763
0.0028855032317636198 11187
0.0028855032317636198 11134
0.0028855032317636198 2028
0.0028855032317636198 11771
0.0028855032317636198 3880 11340
0.0028855032317636198 10982
0.0028855032317636198 6253 8784
0.0028855032317636198 11688
0.0028855032317636198 11078 11340
0.0028855032317636198 7868 11340
0.0028855032317636198 1727
0.002770083102493075 8333 9739
0.002770083102493075 4488 10763
0.002770083102493075 9776
0.002770083102493075 5875 6282
0.002770083102493075 1438 3828
0.002770083102493075 2638 11978
0.002770083102493075 9801 10510
0.002770083102493075 7419
0.002770083102493075 10587
0.002770083102493075 11611
0.002770083102493075 3828 11340
0.00265466297322253 3254 6528
0.00265466297322253 2106 8933
0.00265466297322253 2101 9739
0.00265466297322253 8647
0.00265466297322253 1734 11340
0.00265466297322253 7822 11340
0.00265466297322253 4206
0.00265466297322253 8598
0.00265466297322253 2631 11340
0.00265466297322253 7181 11340
0.00265466297322253 10529
0.00265466297322253 2829
0.00265466297322253 12027
0.0025392428439519853 6431 11340
0.0025392428439519853 1565 11250 11340
0.0025392428439519853 3065 8933
0.0025392428439519853 4186 11340
0.0025392428439519853 4616 11340
0.0025392428439519853 8592
0.0025392428439519853 1440 8933 10763
0.0025392428439519853 11340 11476
0.0025392428439519853 10262
0.0025392428439519853 6918
0.0025392428439519853 8860 11340
0.0025392428439519853 1565 8933 10752
0.0025392428439519853 4616 10763
0.0024238227146814403 5875 6343
0.0024238227146814403 4488 8784
0.0024238227146814403 8784 10763
0.0024238227146814403 1965
0.0024238227146814403 3151
0.0024238227146814403 11701
0.0024238227146814403 8289
0.0024238227146814403 9361
0.0024238227146814403 10254
0.0024238227146814403 0557 8784
0.0024238227146814403 6297
0.0023084025854108957 5875 11628
0.0023084025854108957 7957
0.0023084025854108957 5755
0.0023084025854108957 5094 11628
0.0023084025854108957 10752 11340
0.0023084025854108957 9739 11340
0.0023084025854108957 3860
0.0023084025854108957 5014
0.0023084025854108957 11443
0.0023084025854108957 2174 11078
0.0023084025854108957 3440 8784
0.0023084025854108957 2691
0.0023084025854108957 8933 12061
0.0023084025854108957 7592 8933
0.0023084025854108957 11340 11763
0.0023084025854108957 5875 6122
0.0023084025854108957 10763 11628
0.0023084025854108957 7754
0.0023084025854108957 11250 11696
0.0023084025854108957 3667
0.0023084025854108957 11934
0.0023084025854108957 5444 6142
0.0023084025854108957 5126 11340
0.0023084025854108957 8860 9739
0.0023084025854108957 8933 10006
0.0021929824561403508 5094 10763 11340
0.0021929824561403508 1438 1440 8933
0.0021929824561403508 1342
0.0021929824561403508 1457 5682
0.0021929824561403508 9101
0.0021929824561403508 0875
0.0021929824561403508 6151
0.0021929824561403508 10043
0.0021929824561403508 2560 11628
0.0021929824561403508 3486
0.0021929824561403508 5094 8784
0.0021929824561403508 3880 5875
0.0021929824561403508 1565 7513
0.0021929824561403508 2947 8784 9739
0.0021929824561403508 3719
0.0021929824561403508 11093
0.0021929824561403508 6146 11340
0.0021929824561403508 3306 8933
0.0021929824561403508 10288
0.0021929824561403508 5094 9739
0.0021929824561403508 5833
0.0021929824561403508 9290 11340
0.0021929824561403508 5520 8933
0.0021929824561403508 10093 11340
0.0021929824561403508 3880 10752
0.0021929824561403508 9569
0.0021929824561403508 3254 11437
0.0021929824561403508 8933 11437
0.002077562326869806 7657
0.002077562326869806 5785
0.002077562326869806 6856
0.002077562326869806 0109 11340
0.002077562326869806 9178
0.002077562326869806 1638
0.002077562326869806 5520 5865
0.002077562326869806 5520 10763
0.002077562326869806 6142 11078
0.002077562326869806 0557 8933
0.002077562326869806 7559
0.002077562326869806 5336
0.002077562326869806 11483
0.002077562326869806 1438 11078
0.002077562326869806 3254 9739
0.002077562326869806 4882
0.002077562326869806 1847 11340
0.002077562326869806 2678
0.002077562326869806 9017
0.002077562326869806 5126 9739
0.002077562326869806 3327
0.002077562326869806 5875 7822
0.002077562326869806 7822 10763
0.002077562326869806 1847 8933
0.002077562326869806 3254 3306
0.002077562326869806 4065
0.002077562326869806 0944
0.002077562326869806 7316
0.0019621421975992612 7636
0.0019621421975992612 2196
0.0019621421975992612 1565 2970 10479
0.0019621421975992612 2185
0.0019621421975992612 10485
0.0019621421975992612 4686
0.0019621421975992612 7592 11340
0.0019621421975992612 10303 11476
0.0019621421975992612 9172
0.0019621421975992612 3521
0.0019621421975992612 3254 11078
0.0019621421975992612 4910
0.0019621421975992612 7289
0.0019621421975992612 1565 6431 8933
0.0019621421975992612 8007
0.0019621421975992612 9628 11340
0.0019621421975992612 7210
0.0019621421975992612 9462 11340
0.0019621421975992612 5301
0.0019621421975992612 11438
0.0019621421975992612 1591
0.0019621421975992612 5919 8933
0.0019621421975992612 6607
0.0019621421975992612 1440 9811
0.0019621421975992612 4766
0.0019621421975992612 2528
0.0019621421975992612 1565 3880 11250
0.0019621421975992612 10510 10752
0.0019621421975992612 3828 8933
0.0019621421975992612 0932
0.0018467220683287165 0917
0.0018467220683287165 11582
0.0018467220683287165 1565 8933 11476
0.0018467220683287165 5599 10752
0.0018467220683287165 1438 8933 11628
0.0018467220683287165 5068
0.0018467220683287165 2194 5875
0.0018467220683287165 4486 8933
0.0018467220683287165 8477 9739
0.0018467220683287165 6474
0.0018467220683287165 6468
0.0018467220683287165 8333 8933
0.0018467220683287165 8997
0.0018467220683287165 8927
0.0018467220683287165 1565 8933 11340
0.0018467220683287165 10345
0.0018467220683287165 4947 8933
0.0018467220683287165 4488 11476
0.0018467220683287165 1565 3440 8933
0.0018467220683287165 1438 5875 11340
0.0018467220683287165 3709
0.0018467220683287165 2560 5520 11340
0.0018467220683287165 4184
0.0018467220683287165 4359 5875
0.0018467220683287165 5875 6494
0.0018467220683287165 2106 11340
0.0018467220683287165 6300
0.0018467220683287165 3028
0.0018467220683287165 1565 8933 10479
0.0018467220683287165 3620
0.0018467220683287165 8933 10093
0.0018467220683287165 1438 2560
0.0018467220683287165 8860 10510
0.0018467220683287165 1438 6142 11340
0.0018467220683287165 2101 3118 8933
0.0018467220683287165 6228
0.0018467220683287165 1565 2970 11250
0.0017313019390581717 5112
0.0017313019390581717 1565 3019 8933 9190
0.0017313019390581717 11221
0.0017313019390581717 1347
0.0017313019390581717 2163 10510
0.0017313019390581717 3229 8933
0.0017313019390581717 1438 11437
0.0017313019390581717 5126 11250
0.0017313019390581717 7768 11437
0.0017313019390581717 4385 11340
0.0017313019390581717 8333 10752
0.0017313019390581717 9513 11250
0.0017313019390581717 9120
0.0017313019390581717 4914
0.0017313019390581717 8003
0.0017313019390581717 8933 12123
0.0017313019390581717 9290 10763
0.0017313019390581717 9775
0.0017313019390581717 5054
0.0017313019390581717 8933 9811
0.0017313019390581717 10096
0.0017313019390581717 6146 8933
0.0017313019390581717 1565 3828
0.0017313019390581717 2145 11340
0.0017313019390581717 1438 5094
0.0017313019390581717 8784 8860
0.0017313019390581717 6769
0.0017313019390581717 2947 8933 9739
0.0017313019390581717 10311
0.0017313019390581717 4488 10042
0.0017313019390581717 4079 5875
0.0017313019390581717 3828 8784
0.0017313019390581717 10943
0.0017313019390581717 10752 10763
0.0017313019390581717 8933 9753
0.0017313019390581717 8238
0.0017313019390581717 9317
0.0017313019390581717 6049
0.0017313019390581717 5875 11460
0.0017313019390581717 1438 8933 10763
0.0017313019390581717 9297 11340
0.0017313019390581717 8888
0.0017313019390581717 5875 11763
0.0017313019390581717 8064 8933
0.0017313019390581717 9396 10763 11340
0.0017313019390581717 8784 11628
0.0017313019390581717 6934
0.0017313019390581717 11955
0.0017313019390581717 11946
0.0017313019390581717 1546 3116
0.0017313019390581717 10851
0.0017313019390581717 2622 8101
0.0017313019390581717 8103
0.0017313019390581717 10510 10763 11340
0.0017313019390581717 6274
0.0017313019390581717 12064
0.0017313019390581717 11340 11691
0.0017313019390581717 2145 8933
0.0017313019390581717 6362 8933
0.0017313019390581717 9801 10763
0.0017313019390581717 0109 8933
0.001615881809787627 5875 6369
0.001615881809787627 8064 8833
0.001615881809787627 2198
0.001615881809787627 4361
0.001615881809787627 1438 9547
0.001615881809787627 2947 4488
0.001615881809787627 3603 8933
0.001615881809787627 4947 10763 11340
0.001615881809787627 1565 4488 8933
0.001615881809787627 1438 11476
0.001615881809787627 10414
0.001615881809787627 3868
0.001615881809787627 4359 6142
0.001615881809787627 1300
0.001615881809787627 2138 7070 11763
0.001615881809787627 1438 3229
0.001615881809787627 9109
0.001615881809787627 9762
0.001615881809787627 8301
0.001615881809787627 5031
0.001615881809787627 0554 10510
0.001615881809787627 0931 1565
0.001615881809787627 3229 10763 11340
0.001615881809787627 4233
0.001615881809787627 3880 8860
0.001615881809787627 10010
0.001615881809787627 4558
0.001615881809787627 2360
0.001615881809787627 9095
0.001615881809787627 6407 10510
0.001615881809787627 0494
0.001615881809787627 3739
0.001615881809787627 9016
0.001615881809787627 4488 4881
0.001615881809787627 9004
0.001615881809787627 6085
0.001615881809787627 8933 10763 11340
0.001615881809787627 1312 5997
0.001615881809787627 11079
0.001615881809787627 8933 11217
0.001615881809787627 5750 6282
0.001615881809787627 3880 8784
0.001615881809787627 5444 11340
0.001615881809787627 1565 4359 11250
0.001615881809787627 6160 8784
0.001615881809787627 6305
0.001615881809787627 1440 8933 9396
0.001615881809787627 0606 11340
0.001615881809787627 9628 10763
0.001615881809787627 2560 5875 11340
0.001615881809787627 5236 8784
0.001615881809787627 3323
0.001615881809787627 8933 9033
0.001615881809787627 9396 11628
0.001615881809787627 7592 8860
0.001615881809787627 5815 9739
0.001615881809787627 2560 6142
0.001615881809787627 1403
0.001615881809787627 1438 3254 11340
0.001615881809787627 8784 12061
0.001615881809787627 10800
0.001615881809787627 7055 8933
0.001615881809787627 3019 5731
0.001615881809787627 8933 10042
0.001615881809787627 5094 9396
0.0015004616805170822 4390
0.0015004616805170822 11269
0.0015004616805170822 9812
0.0015004616805170822 5106
0.0015004616805170822 6533
0.0015004616805170822 7513 11250
0.0015004616805170822 3581
0.0015004616805170822 1047
0.0015004616805170822 1438 5126
0.0015004616805170822 11502
0.0015004616805170822 9170
0.0015004616805170822 2436
0.0015004616805170822 0221
0.0015004616805170822 4926
0.0015004616805170822 5094 5520
0.0015004616805170822 10255 11340
0.0015004616805170822 9739 10510
0.0015004616805170822 0859
0.0015004616805170822 3254 3880
0.0015004616805170822 1565 4947
0.0015004616805170822 8933 9801
0.0015004616805170822 11476 11696
0.0015004616805170822 6485 8679
0.0015004616805170822 11486
0.0015004616805170822 7868 9396
0.0015004616805170822 6408
0.0015004616805170822 5312
0.0015004616805170822 5865 9739
0.0015004616805170822 6407 8784
0.0015004616805170822 5875 7983
0.0015004616805170822 5520 8784
0.0015004616805170822 10752 11250
0.0015004616805170822 1565 8933 9739
0.0015004616805170822 8769 11340
0.0015004616805170822 1438 3440
0.0015004616805170822 9753 11340
0.0015004616805170822 3254 11250
0.0015004616805170822 8333 8860
0.0015004616805170822 4488 7153
0.0015004616805170822 9961
0.0015004616805170822 4024 8933
0.0015004616805170822 1438 7181
0.0015004616805170822 7783
0.0015004616805170822 8933 11340 11628
0.0015004616805170822 10283
0.0015004616805170822 6329 9739
0.0015004616805170822 5815 10763
0.0015004616805170822 1658 8933
0.0015004616805170822 1174
0.0015004616805170822 3305
0.0015004616805170822 3229 9801
0.0015004616805170822 1438 7153 11340
0.0015004616805170822 6905
0.0015004616805170822 1565 8933 10763
0.0015004616805170822 1436
0.0015004616805170822 11903
0.0015004616805170822 0678
0.0015004616805170822 6146 8784
0.0015004616805170822 1345 5875
0.0015004616805170822 9891
0.0015004616805170822 3440 11476
0.0015004616805170822 8786
0.0015004616805170822 3880 8333
0.0013850415512465374 5875 8860
0.0013850415512465374 1094
0.0013850415512465374 7607
0.0013850415512465374 3229 6142
0.0013850415512465374 2135
0.0013850415512465374 8860 9396
0.0013850415512465374 6407 8860
0.0013850415512465374 3254 5126
0.0013850415512465374 1362
0.0013850415512465374 0554 1115 11340
0.0013850415512465374 5236 8933
0.0013850415512465374 9396 10752
0.0013850415512465374 6142 8933 11628
0.0013850415512465374 1438 8933 11340
0.0013850415512465374 6254 11340
0.0013850415512465374 7822 8933
0.0013850415512465374 1312 6860
0.0013850415512465374 4853 10042
0.0013850415512465374 5875 6142 7153 11340
0.0013850415512465374 4488 10752
0.0013850415512465374 0870
0.0013850415512465374 7237
0.0013850415512465374 8318
0.0013850415512465374 5875 10763 11340
0.0013850415512465374 5044
0.0013850415512465374 3143 9462
0.0013850415512465374 10763 11437
0.0013850415512465374 8933 10235
0.0013850415512465374 10082
0.0013850415512465374 8784 11476
0.0013850415512465374 2947 5126
0.0013850415512465374 4251
0.0013850415512465374 3637 11340
0.0013850415512465374 5683
0.0013850415512465374 2387
0.0013850415512465374 6701
0.0013850415512465374 1848 8933
0.0013850415512465374 0109 1438
0.0013850415512465374 10669
0.0013850415512465374 8833 8933
0.0013850415512465374 5865 8933
0.0013850415512465374 1593
0.0013850415512465374 1580
0.0013850415512465374 0498
0.0013850415512465374 0488
0.0013850415512465374 10617
0.0013850415512465374 8262 8933
0.0013850415512465374 0476
0.0013850415512465374 10969
0.0013850415512465374 9359
0.0013850415512465374 10945
0.0013850415512465374 0770
0.0013850415512465374 0407
0.0013850415512465374 9646
0.0013850415512465374 1824
0.0013850415512465374 0554 10763
0.0013850415512465374 8860 9801
0.0013850415512465374 5714 11340
0.0013850415512465374 3637 11250
0.0013850415512465374 7407
0.0013850415512465374 8839
0.0013850415512465374 2275 8933
0.0013850415512465374 3440 3828
0.0013850415512465374 1565 10006
0.0013850415512465374 8801
0.0013850415512465374 7513 11340
0.0013850415512465374 6407 9739
0.0013850415512465374 0554 7490
0.0013850415512465374 0662 11437
0.0013850415512465374 5094 6431
0.0013850415512465374 7822 8784
0.0013850415512465374 0267 11340
0.0013850415512465374 8438 8933 10763
0.0013850415512465374 7181 8477
0.0013850415512465374 1565 5865
0.0013850415512465374 2194 8933
0.0013850415512465374 8933 9628
0.0013850415512465374 1565 4359 8933
0.0013850415512465374 1565 3880 10479
0.0013850415512465374 11340 11686
0.0013850415512465374 4024 4488
0.0013850415512465374 9801 10752
0.0013850415512465374 2626 8502
0.0012696214219759926 6571
0.0012696214219759926 0554 5815
0.0012696214219759926 8966 11340
0.0012696214219759926 3027 8933
0.0012696214219759926 1312 1438
0.0012696214219759926 6384 11340
0.0012696214219759926 0952 8933
0.0012696214219759926 8064 11340
0.0012696214219759926 4488 9801
0.0012696214219759926 2487
0.0012696214219759926 6826
0.0012696214219759926 5727
0.0012696214219759926 8091
0.0012696214219759926 2101 11340
0.0012696214219759926 1565 9811
0.0012696214219759926 7592 8784
0.0012696214219759926 7592 11628
0.0012696214219759926 3861
0.0012696214219759926 1565 5431
0.0012696214219759926 2194 10763 11340
0.0012696214219759926 1678
0.0012696214219759926 1666
0.0012696214219759926 3811
0.0012696214219759926 4385 7822
0.0012696214219759926 5875 10157
0.0012696214219759926 8359 11340
0.0012696214219759926 5126 8784
0.0012696214219759926 1602
0.0012696214219759926 1565 12061
0.0012696214219759926 4385 11628
0.0012696214219759926 4198 8933
0.0012696214219759926 8310
0.0012696214219759926 0373 8933
0.0012696214219759926 1233 5875
0.0012696214219759926 2397 3254
0.0012696214219759926 3518 11340
0.0012696214219759926 4616 5094
0.0012696214219759926 8990
0.0012696214219759926 8477 11340
0.0012696214219759926 5875 8784
0.0012696214219759926 4359 11628
0.0012696214219759926 7513 8933
0.0012696214219759926 10387
0.0012696214219759926 11250 11476
0.0012696214219759926 10691
0.0012696214219759926 3454
0.0012696214219759926 8001 8933
0.0012696214219759926 1438 8438 10763 11340
0.0012696214219759926 5875 6860
0.0012696214219759926 3229 10510
0.0012696214219759926 2329
0.0012696214219759926 4488 7822
0.0012696214219759926 5094 10752
0.0012696214219759926 9046
0.0012696214219759926 1565 8933 11628
0.0012696214219759926 10479 11340
0.0012696214219759926 11717
0.0012696214219759926 1067 8933 10479
0.0012696214219759926 2661
0.0012696214219759926 1212
0.0012696214219759926 9020
0.0012696214219759926 7592 10752
0.0012696214219759926 0109 10763
0.0012696214219759926 3229 5875
0.0012696214219759926 2159 8933
0.0012696214219759926 6142 7153 9547
0.0012696214219759926 1513
0.0012696214219759926 7153 11476
0.0012696214219759926 0554 8933
0.0012696214219759926 6045
0.0012696214219759926 7172 11340
0.0012696214219759926 11094
0.0012696214219759926 2947 3994 9739
0.0012696214219759926 1209 1848 3118
0.0012696214219759926 1810
0.0012696214219759926 0554 10752
0.0012696214219759926 0952 8784
0.0012696214219759926 1438 1565 11340
0.0012696214219759926 1565 10071
0.0012696214219759926 1565 8262
0.0012696214219759926 5915 11340
0.0012696214219759926 1565 8359 8933
0.0012696214219759926 1565 8784 8933
0.0012696214219759926 1565 3880 8933
0.0012696214219759926 3440 10763
0.0012696214219759926 1438 6384
0.0012696214219759926 6282 8933
0.0012696214219759926 5520 6142
0.0012696214219759926 7172 9396
0.0012696214219759926 0931 11340
0.0012696214219759926 4407
0.0012696214219759926 1496
0.0012696214219759926 6407 10752
0.0012696214219759926 10898
0.0012696214219759926 5094 8966
0.0012696214219759926 11979
0.0012696214219759926 2947 9739 10752
0.0012696214219759926 3440 9739
0.0012696214219759926 7153 11078
0.0012696214219759926 4488 11696
0.0012696214219759926 2560 5094
0.0012696214219759926 6589 8784
0.0012696214219759926 3967
0.0012696214219759926 8120
0.0012696214219759926 8860 11628
0.0012696214219759926 11217 11340
0.0012696214219759926 7386
0.0012696214219759926 8449
0.0012696214219759926 1565 4488 11340
0.0012696214219759926 5444 8933
0.0012696214219759926 8333 8711
0.0012696214219759926 4079 5520 11476
0.0012696214219759926 5875 6384
0.0012696214219759926 1312 1565 5296 8933
0.0011542012927054479 8262 10752
0.0011542012927054479 0662 9396
0.0011542012927054479 2560 7822
0.0011542012927054479 8933 10320
0.0011542012927054479 4023
0.0011542012927054479 3065 11340
0.0011542012927054479 6142 7153 8933
0.0011542012927054479 1565 6369 11250
0.0011542012927054479 5520 7153
0.0011542012927054479 1222 6407
0.0011542012927054479 4359 11154 11340
0.0011542012927054479 8434 8933
0.0011542012927054479 2122
0.0011542012927054479 3880 11476
0.0011542012927054479 6142 7153 11437
0.0011542012927054479 4186 8860
0.0011542012927054479 4186 5599
0.0011542012927054479 3440 9647
0.0011542012927054479 5094 8860
0.0011542012927054479 5701
0.0011542012927054479 1105 3828
0.0011542012927054479 3512
0.0011542012927054479 3254 9801
0.0011542012927054479 1336
0.0011542012927054479 0662 11628
0.0011542012927054479 2560 7153
0.0011542012927054479 2779
0.0011542012927054479 1847 8833
0.0011542012927054479 4941
0.0011542012927054479 4805 10752
0.0011542012927054479 0594
0.0011542012927054479 1565 3254
0.0011542012927054479 2275 11340
0.0011542012927054479 1546 5875
0.0011542012927054479 11805
0.0011542012927054479 0775 11340
0.0011542012927054479 0563
0.0011542012927054479 9739 11628
0.0011542012927054479 0775 9396
0.0011542012927054479 5875 9801 11340
0.0011542012927054479 4198 7513
0.0011542012927054479 1565 2101
0.0011542012927054479 0267 1565
0.0011542012927054479 8860 10763
0.0011542012927054479 5599 5875
0.0011542012927054479 10763 11476
0.0011542012927054479 5074
0.0011542012927054479 1438 4616
0.0011542012927054479 8693
0.0011542012927054479 3440 5875
0.0011542012927054479 1962 11340
0.0011542012927054479 7225
0.0011542012927054479 0843
0.0011542012927054479 7574
0.0011542012927054479 5094 6142 11340
0.0011542012927054479 1565 5126 8933
0.0011542012927054479 8641
0.0011542012927054479 6369 6485 11340
0.0011542012927054479 0914 7983
0.0011542012927054479 3828 10763
0.0011542012927054479 4269
0.0011542012927054479 7181 8933 9739
0.0011542012927054479 4488 6142
0.0011542012927054479 8784 10006
0.0011542012927054479 5875 9839
0.0011542012927054479 6733 11340
0.0011542012927054479 3603 5520
0.0011542012927054479 7822 11628
0.0011542012927054479 9811 10763
0.0011542012927054479 3785
0.0011542012927054479 1438 10255
0.0011542012927054479 1599
0.0011542012927054479 5094 6142 7153
0.0011542012927054479 6142 7153 11340 11628
0.0011542012927054479 6142 9396 11340
0.0011542012927054479 10510 11628
0.0011542012927054479 10235 11340
0.0011542012927054479 1886
0.0011542012927054479 8262 11340
0.0011542012927054479 4385 5520
0.0011542012927054479 6032
0.0011542012927054479 1565 9739 10479
0.0011542012927054479 1438 3757 11340
0.0011542012927054479 1438 9396
0.0011542012927054479 4790 5875
0.0011542012927054479 5875 7592
0.0011542012927054479 3254 3757 8333
0.0011542012927054479 4167
0.0011542012927054479 0109 2145
0.0011542012927054479 8359 10752
0.0011542012927054479 3440 6142 7153 11340
0.0011542012927054479 4476
0.0011542012927054479 2560 10763
0.0011542012927054479 8769 8933
0.0011542012927054479 5895
0.0011542012927054479 3880 9801
0.0011542012927054479 1565 4186 8933
0.0011542012927054479 3518 8933
0.0011542012927054479 1734 9396
0.0011542012927054479 3329
0.0011542012927054479 1438 1565 8933
0.0011542012927054479 0064 5875
0.0011542012927054479 3229 10752
0.0011542012927054479 2194 6142
0.0011542012927054479 5599 9739
0.0011542012927054479 3254 5599
0.0011542012927054479 1438 4488
0.0011542012927054479 5817
0.0011542012927054479 8180
0.0011542012927054479 1546 7822
0.0011542012927054479 3604
0.0011542012927054479 2519
0.0011542012927054479 4359 8784
0.0011542012927054479 7822 7983
0.0011542012927054479 1565 7868 8933
0.0011542012927054479 5599 8933
0.0011542012927054479 11340 12123
0.0011542012927054479 4359 10398
0.0011542012927054479 8833 11340
0.0011542012927054479 1312 5875
0.0011542012927054479 7070 11340
0.0011542012927054479 9501
0.0011542012927054479 4058
0.0011542012927054479 12016
0.0011542012927054479 3603 11217
0.001038781163434903 6578
0.001038781163434903 3076 7822
0.001038781163434903 10181
0.001038781163434903 8933 11763
0.001038781163434903 1565 9574
0.001038781163434903 4377
0.001038781163434903 3642 8933
0.001038781163434903 6570 11340
0.001038781163434903 1082
0.001038781163434903 10133
0.001038781163434903 0931 11250
0.001038781163434903 6513
0.001038781163434903 4698 11340
0.001038781163434903 11219
0.001038781163434903 2163 8933
0.001038781163434903 0250 5599
0.001038781163434903 3128 8933
0.001038781163434903 6282 11437
0.001038781163434903 1044
0.001038781163434903 7920
0.001038781163434903 1565 2106 11250
0.001038781163434903 5520 6369
0.001038781163434903 1546 5236
0.001038781163434903 7908
0.001038781163434903 5875 9739 11250
0.001038781163434903 8860 11250
0.001038781163434903 2560 5875 8933
0.001038781163434903 6142 7153 9396
0.001038781163434903 2510 11340
0.001038781163434903 3254 4024
0.001038781163434903 3884
0.001038781163434903 3257 6142
0.001038781163434903 6142 7181
0.001038781163434903 1688
0.001038781163434903 8054
0.001038781163434903 5126 5875 9726 11078
0.001038781163434903 8394
0.001038781163434903 0931 8933
0.001038781163434903 4385 8933
0.001038781163434903 2714
0.001038781163434903 7181 10763
0.001038781163434903 7153 11585
0.001038781163434903 8933 9396 10763
0.001038781163434903 3757 8333 11340
0.001038781163434903 8784 11197
0.001038781163434903 9204 11340
0.001038781163434903 6158
0.001038781163434903 4616 9483
0.001038781163434903 8319
0.001038781163434903 5126 10763
0.001038781163434903 2275 10510
0.001038781163434903 0848
0.001038781163434903 3908 11340
0.001038781163434903 7200
0.001038781163434903 8933 11687
0.001038781163434903 5094 7070
0.001038781163434903 6369 8933
0.001038781163434903 8784 10042
0.001038781163434903 2947 8769
0.001038781163434903 1658 8784
0.001038781163434903 2947 10763
0.001038781163434903 5444 5875
0.001038781163434903 3254 8933 10763
0.001038781163434903 10064
0.001038781163434903 7385 8933
0.001038781163434903 5094 11250
0.001038781163434903 4616 6142
0.001038781163434903 6407 11340
0.001038781163434903 4359 11154 11250
0.001038781163434903 5875 10752
0.001038781163434903 5815 11628
0.001038781163434903 1438 6146
0.001038781163434903 1734 11628
0.001038781163434903 3105
0.001038781163434903 1283
0.001038781163434903 6718
0.001038781163434903 3229 11628
0.001038781163434903 8966 10763
0.001038781163434903 3880 11696
0.001038781163434903 4863
0.001038781163434903 9739 10479 11250
0.001038781163434903 1438 3254 8933
0.001038781163434903 7055 8784
0.001038781163434903 5579 10763
0.001038781163434903 5929
0.001038781163434903 0267 5875
0.001038781163434903 11708
0.001038781163434903 9029
0.001038781163434903 10615
0.001038781163434903 10975
0.001038781163434903 1565 8933 10510
0.001038781163434903 9290 11437
0.001038781163434903 9374
0.001038781163434903 7153 8860
0.001038781163434903 9368
0.001038781163434903 3880 5815
0.001038781163434903 2627
0.001038781163434903 4486 11340
0.001038781163434903 9739 10763
0.001038781163434903 6142 7153 8438
0.001038781163434903 0846 6863
0.001038781163434903 10763 11340 11585
0.001038781163434903 5815 11250
0.001038781163434903 8201
0.001038781163434903 1565 8860 8933
0.001038781163434903 9628 11579
0.001038781163434903 10307 11078
0.001038781163434903 8533
0.001038781163434903 5875 8847 11340
0.001038781163434903 3440 4488 11340
0.001038781163434903 1105 1565 8933
0.001038781163434903 1734 8933
0.001038781163434903 1565 4805
0.001038781163434903 3139 8933
0.001038781163434903 4163
0.001038781163434903 1565 7181
0.001038781163434903 6142 11340 11437
0.001038781163434903 8784 11340
0.001038781163434903 2560 3229
0.001038781163434903 5586
0.001038781163434903 4359 10763
0.001038781163434903 9033 11340
0.001038781163434903 1565 2947
0.001038781163434903 1565 3440 11250
0.001038781163434903 6984
0.001038781163434903 4186 9739
0.001038781163434903 1440 5094 8933
0.001038781163434903 6960
0.001038781163434903 6570 8933
0.001038781163434903 6955
0.001038781163434903 7768 8933
0.001038781163434903 1438 11250
0.001038781163434903 10752 11476
0.001038781163434903 1438 8860
0.001038781163434903 3440 6146
0.001038781163434903 9739 11476
0.001038781163434903 1438 5599
0.001038781163434903 6343 9628
0.001038781163434903 4881 11340
0.001038781163434903 11617
0.001038781163434903 10398 11340
0.001038781163434903 3019 5790 8933
0.001038781163434903 10878
0.001038781163434903 8042 11340
0.001038781163434903 8171
0.001038781163434903 9811 11340 11696
0.001038781163434903 1565 10479 11006
0.001038781163434903 1438 5520
0.001038781163434903 8784 9154
0.001038781163434903 1847 10763
0.001038781163434903 9216
0.001038781163434903 1642 9739
0.001038781163434903 10071 11340
0.001038781163434903 5575 7592 12061
0.001038781163434903 6384 7385
0.001038781163434903 2810
0.001038781163434903 2970 8933
0.001038781163434903 0999
0.001038781163434903 6407 11197
0.001038781163434903 7110 7509
0.001038781163434903 2947 9647
0.001038781163434903 1209 10752
0.001038781163434903 6237
0.001038781163434903 6598
0.001038781163434903 4155 8933
0.001038781163434903 7664
