0.06270452866040326 5126
0.049720257574158135 0109 0801
0.04401984587775784 3440
0.04106407684999472 10340
0.04043069777261691 6142
0.03969175551567613 7116
0.03356909110102396 9811
0.0317745170484535 0173
0.028502058482001477 5875
0.02649635807030508 0192
0.0237517154016679 1485
0.023118336324290088 8933
0.022801646785601183 3828
0.022801646785601183 7069
0.021323762271719626 3518
0.02079594637390478 11009
0.019634751398712128 8380
0.019106935500897287 6253 8784
0.018684682782645415 2560 12031
0.018473556423519475 4790
0.01826243006439354 11187
0.017101235089200886 5094
0.016467856011823077 1665
0.016467856011823077 8860
0.0160456032935712 4184
0.015728913754882296 0109 10763
0.015201097857067455 9070
0.015095534677504487 0557
0.01488440831837855 2570
0.014462155600126677 9646
0.014462155600126677 3603
0.014356592420563707 4359
0.014251029241000739 12061
0.013934339702311834 5174
0.013723213343185896 0801 10763
0.01351208698405996 1484
0.013195397445371055 3709
0.012984271086245117 2671
0.01287870790668215 10288
0.012667581547556213 5079
0.012562018367993245 1688
0.012350892008867307 2248
0.012350892008867307 1342
0.012245328829304339 0859
0.012034202470178402 0801 6528
0.011823076111052464 11217
0.011823076111052464 5714
0.011823076111052464 0801 4362
0.011823076111052464 4362 11628
0.011823076111052464 4362 8784
0.011400823392800592 10069
0.011189697033674654 11340
0.010873007494985749 0801 11628
0.010767444315422781 9801
0.010661881135859813 7153
0.010450754776733875 10123
0.010450754776733875 1015 7055
0.010345191597170907 8295
0.010239628417607938 5205
0.010239628417607938 11691
0.01013406523804497 9297
0.010028502058482002 8784 11628
0.010028502058482002 6393
0.010028502058482002 2476
