0.009186906019007391 4362 11628
0.008025343189017951 6228
0.00791974656810982 5126 11628
0.0074973600844772965 4733
0.007180570221752904 11078
0.007180570221752904 3386
0.006863780359028511 3470 10333
0.006863780359028511 1666
0.00675818373812038 7385
0.006441393875395988 8078
0.006124604012671594 0931 10752
0.0060190073917634635 1106
0.0060190073917634635 9596
0.005913410770855333 1088
0.005913410770855333 2425 8131
0.005807814149947202 5126 7055
0.0055966209081309394 8474 11591
0.0055966209081309394 3880 10752
0.005491024287222809 3518
0.005385427666314678 3586
0.005385427666314678 9520
0.005174234424498416 4962
0.005174234424498416 5126 8380
0.004963041182682154 5965
0.004857444561774023 2008
0.004857444561774023 2275
0.004857444561774023 9523
0.004751847940865892 10474
0.004751847940865892 3203
0.004751847940865892 1384
0.004646251319957761 11894
0.004646251319957761 3027 3772
0.004646251319957761 3138
0.0045406546990496306 4174
0.0045406546990496306 0394
0.0044350580781415 4362 8380
0.0044350580781415 7607
0.0044350580781415 3027 4362
0.0044350580781415 3027 8333
0.004329461457233369 3545
0.004329461457233369 4805 10752
0.004329461457233369 4266
0.004329461457233369 4895 11628
0.004223864836325237 10340
0.004223864836325237 5126 7509
0.004223864836325237 6634
0.004223864836325237 1488
0.004223864836325237 1485
0.0041182682154171065 7622
0.0041182682154171065 11117
0.0041182682154171065 4362 7055
0.0041182682154171065 5875
0.004012671594508976 1565 4362
0.004012671594508976 8380 11466
0.003907074973600845 5781
0.003907074973600845 9318 10752
0.003907074973600845 1923
0.003907074973600845 6431
0.003907074973600845 3440 4362
0.003907074973600845 4362 5174
0.003907074973600845 0931 4362
0.0038014783526927136 11217
0.0038014783526927136 7768
0.003695881731784583 7282
0.003695881731784583 2376
0.003695881731784583 4186
0.003695881731784583 0931 9822
0.003695881731784583 8183
0.003695881731784583 3980
0.003695881731784583 7085
0.003590285110876452 4361
0.003590285110876452 1042
0.003590285110876452 1688
0.003590285110876452 3709
0.003590285110876452 1800
0.003590285110876452 7181 12187
0.003590285110876452 4790 11628
0.003590285110876452 3986
0.003484688489968321 2445
0.003484688489968321 5126 8784
0.003484688489968321 0875
0.003484688489968321 11486
0.00337909186906019 6134
0.00337909186906019 7574
0.00337909186906019 3113
0.00337909186906019 10943
0.00337909186906019 6329
0.00337909186906019 8380 11628
0.00337909186906019 0373
0.00337909186906019 4488 7055
0.003273495248152059 2195
0.003273495248152059 2174
0.003273495248152059 1382
0.003273495248152059 8784 10752
0.003273495248152059 10752 11628
0.003273495248152059 5068
0.003273495248152059 11187
0.003273495248152059 7822 9628
0.003273495248152059 1222
0.003273495248152059 4362 8860
0.003273495248152059 5236
0.003273495248152059 6905
0.003273495248152059 8171
0.003273495248152059 12053
0.0031678986272439284 1322
0.0031678986272439284 4941
0.0031678986272439284 7513 8380
0.0031678986272439284 2729
0.0031678986272439284 7510
0.0031678986272439284 6407
0.0031678986272439284 7055 12061
0.0031678986272439284 0931 8406
0.003062302006335797 4357
0.003062302006335797 5782
0.003062302006335797 11863
0.003062302006335797 5174 10757
0.003062302006335797 4362 7509
0.003062302006335797 5126 5174
0.003062302006335797 8318
0.003062302006335797 2085
0.003062302006335797 9070 10752
0.003062302006335797 6998
0.003062302006335797 4362 8784
0.003062302006335797 3603
0.003062302006335797 3929
0.0029567053854276664 1105 10439
0.0029567053854276664 4805 5126
0.0029567053854276664 8651
0.0029567053854276664 5644
0.0029567053854276664 6718
0.0029567053854276664 9004
0.0029567053854276664 4766
0.0029567053854276664 7110 7509
0.0029567053854276664 7316
0.0028511087645195356 4380
0.0028511087645195356 2754
0.0028511087645195356 1144 6393
0.0028511087645195356 4362 9070
0.0028511087645195356 6468
0.0028511087645195356 3143
0.0028511087645195356 4515
0.0028511087645195356 3406
0.0028511087645195356 4362 5232
0.0028511087645195356 0885 10752
0.0028511087645195356 8924 10752
0.0028511087645195356 6081
0.0028511087645195356 1209 11628
0.0028511087645195356 6351
0.0028511087645195356 5567
0.0028511087645195356 11687
0.0028511087645195356 0931 5126
0.0027455121436114043 7965
0.0027455121436114043 7592 11628
0.0027455121436114043 1300
0.0027455121436114043 6169
0.0027455121436114043 5680
0.0027455121436114043 3765
0.0027455121436114043 5126 10006
0.0027455121436114043 1731 7610
0.0027455121436114043 4486
0.0027455121436114043 3361
0.0027455121436114043 5126 9070
0.0027455121436114043 10579
0.0027455121436114043 11651
0.0027455121436114043 5174 9489
0.0026399155227032735 5433
0.0026399155227032735 0885 11666
0.0026399155227032735 5174 10752
0.0026399155227032735 0931 1565
0.0026399155227032735 10398
0.0026399155227032735 8918
0.0026399155227032735 10335
0.0026399155227032735 9657 11628
0.0026399155227032735 12140
0.0026399155227032735 10524
0.0026399155227032735 6282
0.0025343189017951427 5112
0.0025343189017951427 4973 5126
0.0025343189017951427 2444
0.0025343189017951427 0557
0.0025343189017951427 10082
0.0025343189017951427 8928
0.0025343189017951427 0186
0.0025343189017951427 2697
0.0025343189017951427 11703
0.0025343189017951427 3735
0.0025343189017951427 4814
0.0025343189017951427 1642 10752
0.0025343189017951427 6362
0.0025343189017951427 7431
0.0025343189017951427 12123
0.0025343189017951427 4463 10752
0.0025343189017951427 2248
0.0025343189017951427 4435 7063 8406
0.0025343189017951427 3994
0.0025343189017951427 3946
0.0025343189017951427 5126 6393
0.0025343189017951427 4488 5126 7244
0.0025343189017951427 7055 10752
0.0024287222808870115 4362 9124
0.0024287222808870115 2107
0.0024287222808870115 2418
0.0024287222808870115 1665
0.0024287222808870115 5126 10483
0.0024287222808870115 6783
0.0024287222808870115 2066
0.0024287222808870115 10657
0.0024287222808870115 2122 10439
0.0024287222808870115 2122 5232
0.0024287222808870115 4185
0.0024287222808870115 2094 7822
0.0024287222808870115 4438
0.0024287222808870115 3323
0.0024287222808870115 5126 7181
0.0024287222808870115 1448
0.0024287222808870115 8380 12061
0.0023231256599788807 4973 10223
0.0023231256599788807 2707
0.0023231256599788807 6765
0.0023231256599788807 8916
0.0023231256599788807 3742
0.0023231256599788807 1891 5126
0.0023231256599788807 1537
0.0023231256599788807 7055 11628
0.0023231256599788807 8533
0.0023231256599788807 6353
0.0023231256599788807 1891 8380
0.0023231256599788807 9318 11628
0.0023231256599788807 0161 10483
0.00221752903907075 6571
0.00221752903907075 4488 8784
0.00221752903907075 3884
0.00221752903907075 2434
0.00221752903907075 7509 11628
0.00221752903907075 5767 8380
0.00221752903907075 11137
0.00221752903907075 4362 4805
0.00221752903907075 0098 5515 8333
0.00221752903907075 1738 5174
0.00221752903907075 8262
0.00221752903907075 7136
0.00221752903907075 11093
0.00221752903907075 2425 3959
0.00221752903907075 6695
0.00221752903907075 4431
0.00221752903907075 8784 11628
0.00221752903907075 0317
0.00221752903907075 5126 8860
0.0021119324181626186 0931 3831
0.0021119324181626186 4351
0.0021119324181626186 5520 9318
0.0021119324181626186 8333 10439
0.0021119324181626186 4973 8333
0.0021119324181626186 4362 10483
0.0021119324181626186 1209 3979
0.0021119324181626186 7547
0.0021119324181626186 3192
0.0021119324181626186 0931 1209
0.0021119324181626186 11134
0.0021119324181626186 0916 5126
0.0021119324181626186 5126 11466
0.0021119324181626186 2970
0.0021119324181626186 9739 10752
0.0021119324181626186 1858
0.0021119324181626186 5126 9739
0.0021119324181626186 3027 5126
0.0021119324181626186 11004
0.0021119324181626186 5877
0.0021119324181626186 3643
0.0021119324181626186 1443
0.0021119324181626186 1891 7877
0.0021119324181626186 4362 4698
0.0021119324181626186 0608
0.0021119324181626186 0953
0.002006335797254488 11271
0.002006335797254488 0916 8784 10483
0.002006335797254488 0916 10752
0.002006335797254488 4362 8333
0.002006335797254488 9070 11628
0.002006335797254488 10710
0.002006335797254488 10439 10752
0.002006335797254488 10169 10752
0.002006335797254488 4362 7181
0.002006335797254488 7847
0.002006335797254488 10752 11291
0.002006335797254488 5977
0.002006335797254488 5126 9124
0.002006335797254488 10969
0.002006335797254488 3828 5126
0.002006335797254488 6045
0.002006335797254488 10436 11591
0.002006335797254488 6343
0.002006335797254488 1209 1658
0.002006335797254488 3005
0.002006335797254488 5126 12187
0.002006335797254488 0397
0.002006335797254488 0678
0.002006335797254488 6589
0.0019007391763463568 1724 4362
0.0019007391763463568 4023
0.0019007391763463568 0223 10752
0.0019007391763463568 1938 10752
0.0019007391763463568 3818 9318
0.0019007391763463568 6715 6717
0.0019007391763463568 4946
0.0019007391763463568 4488 6826
0.0019007391763463568 2771 10752
0.0019007391763463568 10071
0.0019007391763463568 6416
0.0019007391763463568 1241
0.0019007391763463568 1205
0.0019007391763463568 6120 10752
0.0019007391763463568 2925
0.0019007391763463568 9647
0.0019007391763463568 5239
0.0019007391763463568 0916 11628
0.0019007391763463568 10235
0.0019007391763463568 0371
0.0019007391763463568 0931 11628
0.0019007391763463568 11902
0.0019007391763463568 8472
0.0019007391763463568 1734
0.0019007391763463568 10479 10752
0.0019007391763463568 1707
0.0019007391763463568 9822 10752
0.0019007391763463568 4362 4973
0.001795142555438226 9812
0.001795142555438226 1105 10752
0.001795142555438226 6847
0.001795142555438226 0931 9739
0.001795142555438226 7181 8380
0.001795142555438226 8380 9070
0.001795142555438226 9646 12061
0.001795142555438226 8003
0.001795142555438226 10090
0.001795142555438226 4362 10439
0.001795142555438226 5328
0.001795142555438226 4362 10757
0.001795142555438226 4362 4488 7244
0.001795142555438226 4973 10752
0.001795142555438226 3772 4362
0.001795142555438226 4362 6369
0.001795142555438226 1209 7610
0.001795142555438226 8380 12187
0.001795142555438226 2979
0.001795142555438226 2613
0.001795142555438226 10483 10752
0.001795142555438226 8202
0.001795142555438226 8201
0.001795142555438226 2914
0.001795142555438226 0931 1144
0.001795142555438226 1144 5126
0.001795142555438226 9613
0.001795142555438226 7731
0.001795142555438226 3880 4362
0.001795142555438226 1437
0.001795142555438226 12091
0.001689545934530095 0916 7181
0.001689545934530095 3772 5232
0.001689545934530095 1050
0.001689545934530095 4849 7509
0.001689545934530095 1105 3828
0.001689545934530095 5126 7063
0.001689545934530095 8784 9070
0.001689545934530095 4362 7513
0.001689545934530095 2730
0.001689545934530095 4362 6733
0.001689545934530095 1209 2570
0.001689545934530095 8682
0.001689545934530095 4362 10479
0.001689545934530095 7548
0.001689545934530095 7899
0.001689545934530095 10069
0.001689545934530095 4221
0.001689545934530095 1658 12061
0.001689545934530095 4362 8578
0.001689545934530095 4805 8333
0.001689545934530095 10300
0.001689545934530095 3785
0.001689545934530095 0931 5554
0.001689545934530095 7063 8118 8406
0.001689545934530095 4362 11466
0.001689545934530095 4698 6393
0.001689545934530095 6393 8784
0.001689545934530095 11369
0.001689545934530095 5575
0.001689545934530095 7055 9124
0.001689545934530095 5540
0.001689545934530095 7055 8380
0.001689545934530095 2425 5126
0.001689545934530095 7822 11522
0.001689545934530095 7513 11628
0.001689545934530095 4362 7592 12061
0.001689545934530095 4488 11696
0.001689545934530095 11935
0.001689545934530095 3879 8118
0.001689545934530095 10818
0.001689545934530095 1209 3440
0.001689545934530095 4175 4362
0.0015839493136219642 1565 7055
0.0015839493136219642 1144 8924
0.0015839493136219642 0098 5515 7055
0.0015839493136219642 9739 12120
0.0015839493136219642 3554
0.0015839493136219642 2221 4155
0.0015839493136219642 8085
0.0015839493136219642 7181 10483
0.0015839493136219642 3869
0.0015839493136219642 10738
0.0015839493136219642 7513 10752
0.0015839493136219642 5126 8118
0.0015839493136219642 5126 10479
0.0015839493136219642 3881 10702
0.0015839493136219642 5099
0.0015839493136219642 7181 10752
0.0015839493136219642 5126 10439
0.0015839493136219642 5074
0.0015839493136219642 1658 11628
0.0015839493136219642 0931 3440
0.0015839493136219642 4488 8001
0.0015839493136219642 5031
0.0015839493136219642 9124 10752
0.0015839493136219642 11168
0.0015839493136219642 8991
0.0015839493136219642 0231 0724
0.0015839493136219642 1565 3219 10479
0.0015839493136219642 1724 7509
0.0015839493136219642 1565 11250
0.0015839493136219642 6438
0.0015839493136219642 7878
0.0015839493136219642 8934
0.0015839493136219642 4584
0.0015839493136219642 5304
0.0015839493136219642 0931 8554
0.0015839493136219642 2314
0.0015839493136219642 0109
0.0015839493136219642 9361
0.0015839493136219642 5126 8333
0.0015839493136219642 0418
0.0015839493136219642 6049
0.0015839493136219642 3880 7055
0.0015839493136219642 1209 3880
0.0015839493136219642 9604
0.0015839493136219642 8506
0.0015839493136219642 2163 5126
0.0015839493136219642 6393 10752
0.0015839493136219642 11017
0.0015839493136219642 8079 8380
0.0015839493136219642 3007
0.0015839493136219642 1345 10752
0.0015839493136219642 0098 5515 10752
0.0015839493136219642 10752 11476
0.0015839493136219642 3678
0.0015839493136219642 1672 10752
0.0015839493136219642 3637 10752
0.0015839493136219642 1474
0.0015839493136219642 1209 4251
0.0015839493136219642 4362 12187
0.0015839493136219642 3818 10752
0.0015839493136219642 0916 4206
0.0015839493136219642 5126 9318
0.0015839493136219642 5174 8380
0.0015839493136219642 4790 5126
0.0015839493136219642 7181 11628
0.0015839493136219642 7091 11371
0.0015839493136219642 8784 9124
0.0015839493136219642 6299
0.0015839493136219642 7181 8784
0.0015839493136219642 5126 11636
0.0015839493136219642 6818 9070 9130
0.0015839493136219642 1105 5126
0.0015839493136219642 9885
0.0015839493136219642 5179
0.0015839493136219642 7509 12187
0.0015839493136219642 9095 11476
0.0015839493136219642 1209 4805
0.0014783526927138332 5126 8007 10752
0.0014783526927138332 6541 8647
0.0014783526927138332 2816 5126
0.0014783526927138332 4362 9101
0.0014783526927138332 4973 11628
0.0014783526927138332 7603
0.0014783526927138332 10439 12061
0.0014783526927138332 4488 6585
0.0014783526927138332 11628 12187
0.0014783526927138332 11546
0.0014783526927138332 0969 8924
0.0014783526927138332 9190
0.0014783526927138332 11858
0.0014783526927138332 3525
0.0014783526927138332 8333 10752
0.0014783526927138332 8394
0.0014783526927138332 1656
0.0014783526927138332 3440 4488
0.0014783526927138332 4362 11250
0.0014783526927138332 5126 8421
0.0014783526927138332 1565 3880
0.0014783526927138332 5053
0.0014783526927138332 7559 11628
0.0014783526927138332 1015 7055
0.0014783526927138332 1658 8784
0.0014783526927138332 1209 7055
0.0014783526927138332 2961 8380
0.0014783526927138332 6162 8924 9739
0.0014783526927138332 4698 7535
0.0014783526927138332 0931 6089
0.0014783526927138332 4805 9124
0.0014783526927138332 6063 10752
0.0014783526927138332 11628 12061
0.0014783526927138332 0931 11476
0.0014783526927138332 11407
0.0014783526927138332 1250
0.0014783526927138332 7055 8421
0.0014783526927138332 1209 6528
0.0014783526927138332 0477
0.0014783526927138332 2990
0.0014783526927138332 4175 12187
0.0014783526927138332 0931 4463
0.0014783526927138332 1658 9124
0.0014783526927138332 1852
0.0014783526927138332 6050
0.0014783526927138332 5126 7559
0.0014783526927138332 5174 12187
0.0014783526927138332 4362 10006
0.0014783526927138332 1658 10752
0.0014783526927138332 9601
0.0014783526927138332 8517
0.0014783526927138332 6146 11628
0.0014783526927138332 9001 10752
0.0014783526927138332 5211
0.0014783526927138332 1565 11476
0.0014783526927138332 5126 6733
0.0014783526927138332 5547
0.0014783526927138332 4362 10982
0.0014783526927138332 6984
0.0014783526927138332 1209 12061
0.0014783526927138332 4435 5126
0.0014783526927138332 0098 5126 5515
0.0014783526927138332 11974
0.0014783526927138332 5174 11628
0.0014783526927138332 5816
0.0014783526927138332 1658 9070
0.0014783526927138332 3027 8380
0.0014783526927138332 2871
0.0014783526927138332 4175 5126
0.0014783526927138332 4206 4790
0.0014783526927138332 11466 11628
0.0014783526927138332 9210
0.0014783526927138332 8118 10483
0.0014783526927138332 11591 11618
0.0014783526927138332 12073
0.0014783526927138332 3880 4488 7244
0.0014783526927138332 5174 12061
0.0014783526927138332 0606
0.0014783526927138332 3880 8333
0.0014783526927138332 4895 5126
0.0014783526927138332 4362 11666
0.0014783526927138332 7664
0.0013727560718057022 6211
0.0013727560718057022 1209 6082
0.0013727560718057022 4362 9130
0.0013727560718057022 0931 3818
0.0013727560718057022 2170
0.0013727560718057022 4362 8007
0.0013727560718057022 11219
0.0013727560718057022 5778
0.0013727560718057022 4315
0.0013727560718057022 8421 10752
0.0013727560718057022 7513 10479
0.0013727560718057022 5767 11636
0.0013727560718057022 4362 9739
0.0013727560718057022 1891 11628
0.0013727560718057022 1209 3027
0.0013727560718057022 8391
0.0013727560718057022 1480 8380
0.0013727560718057022 1658 7055
0.0013727560718057022 7252
0.0013727560718057022 5126 8406
0.0013727560718057022 0501
0.0013727560718057022 0862
0.0013727560718057022 5174 8554
0.0013727560718057022 0840
0.0013727560718057022 7203
0.0013727560718057022 0916 7055
0.0013727560718057022 7509 8147
0.0013727560718057022 10752 12061
0.0013727560718057022 10059
0.0013727560718057022 10051
0.0013727560718057022 0931 4805
0.0013727560718057022 10344
0.0013727560718057022 4529
0.0013727560718057022 1565 4488 7244 10752
0.0013727560718057022 10411 10752
0.0013727560718057022 3440 5126
0.0013727560718057022 8295
0.0013727560718057022 7592 10752
0.0013727560718057022 6092
0.0013727560718057022 10319 11628
0.0013727560718057022 5232 10439
0.0013727560718057022 7497
0.0013727560718057022 7559 9657
0.0013727560718057022 0192 5126
0.0013727560718057022 6377
0.0013727560718057022 0192 4362
0.0013727560718057022 5126 7513
0.0013727560718057022 6349
0.0013727560718057022 9017 10752
0.0013727560718057022 9905
0.0013727560718057022 0885 11476
0.0013727560718057022 6960
0.0013727560718057022 4416
0.0013727560718057022 4756
0.0013727560718057022 10898
0.0013727560718057022 2122 8784
0.0013727560718057022 10878
0.0013727560718057022 4362 9811
0.0013727560718057022 1440
0.0013727560718057022 3979 10752
0.0013727560718057022 7509 10982
0.0013727560718057022 0885 10975
0.0013727560718057022 5520 7822
0.0013727560718057022 1209 9070
0.0013727560718057022 5126 8888
0.0013727560718057022 12046
0.0013727560718057022 5489 11628
0.0013727560718057022 7302 10752
0.0013727560718057022 8418
0.0013727560718057022 0472 10752
0.0013727560718057022 5126 5232
0.0013727560718057022 7681
0.0013727560718057022 1724 5126
0.0012671594508975714 0914
0.0012671594508975714 0931 9124
0.0012671594508975714 4698 5126
0.0012671594508975714 1209 9317
0.0012671594508975714 7509 9317
0.0012671594508975714 3371 9124
0.0012671594508975714 8860 9070
0.0012671594508975714 10488
0.0012671594508975714 2728 7822
0.0012671594508975714 9124 12061
0.0012671594508975714 11534
0.0012671594508975714 7055 9318
0.0012671594508975714 0931 1938
0.0012671594508975714 1209 8860
0.0012671594508975714 9178
0.0012671594508975714 0269
0.0012671594508975714 3959 5126
0.0012671594508975714 2426
0.0012671594508975714 2106 7244
0.0012671594508975714 1144 10752 11618
0.0012671594508975714 7055 8860
0.0012671594508975714 1105 8333
0.0012671594508975714 10700
0.0012671594508975714 0931 8924
0.0012671594508975714 1632
0.0012671594508975714 4362 7822
0.0012671594508975714 3637 5126
0.0012671594508975714 0511
0.0012671594508975714 0916 2549
0.0012671594508975714 4362 9047
0.0012671594508975714 9070 12061
0.0012671594508975714 4287
0.0012671594508975714 7882 8784
0.0012671594508975714 5044 10752
0.0012671594508975714 5126 7610
0.0012671594508975714 4790 9070
0.0012671594508975714 3772 6585
0.0012671594508975714 4362 11846
0.0012671594508975714 8924 9017
0.0012671594508975714 2044
0.0012671594508975714 2397
0.0012671594508975714 4362 9318
0.0012671594508975714 4362 9317
0.0012671594508975714 4362 6393
0.0012671594508975714 10349 10752 10837
0.0012671594508975714 1345 8333
0.0012671594508975714 2323
0.0012671594508975714 0146
0.0012671594508975714 5094 10752
0.0012671594508975714 1565 7513
0.0012671594508975714 1589
0.0012671594508975714 7055 8784
0.0012671594508975714 0916 4362
0.0012671594508975714 9070 10439
0.0012671594508975714 0885 10765
0.0012671594508975714 5126 11476
0.0012671594508975714 0931 5212
0.0012671594508975714 2122 10752
0.0012671594508975714 2549 9011 10006
0.0012671594508975714 10752 10757
0.0012671594508975714 4362 4790
0.0012671594508975714 7181 10962
0.0012671594508975714 5232 10752
0.0012671594508975714 8077 8118 11628
0.0012671594508975714 4155 4362
0.0012671594508975714 1565 4805
0.0012671594508975714 6330
0.0012671594508975714 3880 8784
0.0012671594508975714 2793 3297 6987 8477
0.0012671594508975714 7509 8380
0.0012671594508975714 6314
0.0012671594508975714 0098 1345 5515
0.0012671594508975714 4362 8147
0.0012671594508975714 8380 11636
0.0012671594508975714 3880 5126
0.0012671594508975714 3027 10439
0.0012671594508975714 1854 11628
0.0012671594508975714 3027 10752
0.0012671594508975714 10479 11250
0.0012671594508975714 4362 8768
0.0012671594508975714 10532
0.0012671594508975714 2570 11628
0.0012671594508975714 4805 8860
0.0012671594508975714 8152
0.0012671594508975714 10828
0.0012671594508975714 9231
0.0012671594508975714 3940
0.0012671594508975714 0223 6567
0.0012671594508975714 9318 12061
0.0012671594508975714 3926
0.0012671594508975714 3097 10752
0.0012671594508975714 9568
0.0012671594508975714 8406 9739
0.0012671594508975714 3637 4488
0.0012671594508975714 1891 12187
0.0012671594508975714 0931 9165
0.0011615628299894403 0920
0.0011615628299894403 9829
0.0011615628299894403 4008
0.0011615628299894403 5444
0.0011615628299894403 10142
0.0011615628299894403 4155 11628
0.0011615628299894403 4362 8001
0.0011615628299894403 0931 11250
0.0011615628299894403 8784 10439
0.0011615628299894403 7936
0.0011615628299894403 6839
0.0011615628299894403 10442
0.0011615628299894403 6825
0.0011615628299894403 2106 10752
0.0011615628299894403 1565 11628
0.0011615628299894403 2793 6987 8477 11682
0.0011615628299894403 11508
0.0011615628299894403 5714
0.0011615628299894403 10773
0.0011615628299894403 10763
0.0011615628299894403 3027 4805
0.0011615628299894403 5126 8147
0.0011615628299894403 1345 5126
0.0011615628299894403 0885 0931
0.0011615628299894403 1144 9318
0.0011615628299894403 8554 10752
0.0011615628299894403 5174 9351
0.0011615628299894403 6160
0.0011615628299894403 4362 9081
0.0011615628299894403 5515 10439
0.0011615628299894403 6826 10752
0.0011615628299894403 4024 6553
0.0011615628299894403 6393 9318
0.0011615628299894403 8406 11628
0.0011615628299894403 7610 10752
0.0011615628299894403 1913
0.0011615628299894403 5026
0.0011615628299894403 0192 4488
0.0011615628299894403 11339 11628
0.0011615628299894403 0098 4362 5515
0.0011615628299894403 1728 7610
0.0011615628299894403 6733 7069 9657
0.0011615628299894403 1565 8001
0.0011615628299894403 7872
0.0011615628299894403 4982 9628
0.0011615628299894403 3440 11628
0.0011615628299894403 7592 9124
0.0011615628299894403 1209 1724
0.0011615628299894403 3440 7055
0.0011615628299894403 8847 10752
0.0011615628299894403 3117
0.0011615628299894403 3828 7055
0.0011615628299894403 4488 7244 11476
0.0011615628299894403 0931 5285
0.0011615628299894403 5603
0.0011615628299894403 4362 10303 11476
0.0011615628299894403 1938 3818
0.0011615628299894403 3219 5126
0.0011615628299894403 5126 8001
0.0011615628299894403 3880 11628
0.0011615628299894403 4805 7509
0.0011615628299894403 1209 2122
0.0011615628299894403 3667 4359
0.0011615628299894403 1891 4362
0.0011615628299894403 4973 7181
0.0011615628299894403 1565 3440
0.0011615628299894403 7559 10483
0.0011615628299894403 4362 5520
0.0011615628299894403 7149
0.0011615628299894403 4155 5126
0.0011615628299894403 0723
0.0011615628299894403 9987
0.0011615628299894403 9622
0.0011615628299894403 3083
0.0011615628299894403 5242
0.0011615628299894403 1144 4698
0.0011615628299894403 11466 12187
0.0011615628299894403 1105 5515
0.0011615628299894403 3028
0.0011615628299894403 11344
0.0011615628299894403 7711
0.0011615628299894403 2122 7055
0.0011615628299894403 6627
0.0011615628299894403 3371 9070 9318
0.0011615628299894403 7055 8001
0.0011615628299894403 1144 3880
0.0011615628299894403 10559
0.0011615628299894403 1642 1672
0.0011615628299894403 4155 9124
0.0011615628299894403 3660
0.0011615628299894403 0472 0931
0.0011615628299894403 9291
0.0011615628299894403 1144 1658
0.0011615628299894403 11955
0.0011615628299894403 4206 4488
0.0011615628299894403 9070 9124
0.0011615628299894403 3880 10439
0.0011615628299894403 2528
0.0011615628299894403 7055 7513
0.0011615628299894403 0931 11926
0.0011615628299894403 1209 4895
0.0011615628299894403 12092
0.0011615628299894403 0641
0.0011615628299894403 0098 10439
0.0011615628299894403 0173 4362
0.0011615628299894403 4065
0.0011615628299894403 6237
0.0011615628299894403 1105 4362
0.0010559662090813093 8406 10982
0.0010559662090813093 0406 4488
0.0010559662090813093 1565 11006
0.0010559662090813093 2425 8333
0.0010559662090813093 5285 10752
0.0010559662090813093 8380 10439
0.0010559662090813093 6369 10752
0.0010559662090813093 4343
0.0010559662090813093 7950
0.0010559662090813093 8578 11628
0.0010559662090813093 0098 2122 5515
0.0010559662090813093 4805 7055
0.0010559662090813093 8380 10752
0.0010559662090813093 4790 10752
0.0010559662090813093 5174 10483
0.0010559662090813093 3772 4488
0.0010559662090813093 1105 2425
0.0010559662090813093 3949 8001
0.0010559662090813093 0931 10479
0.0010559662090813093 4362 6474
0.0010559662090813093 1209 5232
0.0010559662090813093 8091
0.0010559662090813093 10479 11476
0.0010559662090813093 1891 11636
0.0010559662090813093 7559 8077
0.0010559662090813093 5126 11250
0.0010559662090813093 3504
0.0010559662090813093 6393 9070
0.0010559662090813093 1565 5126 7244
0.0010559662090813093 4973 12061
0.0010559662090813093 8860 9318
0.0010559662090813093 1674
0.0010559662090813093 7299
0.0010559662090813093 4024 8784
0.0010559662090813093 4805 7610
0.0010559662090813093 4973 8380
0.0010559662090813093 6166
0.0010559662090813093 6568 8001
0.0010559662090813093 4206 11628
0.0010559662090813093 6494
0.0010559662090813093 4790 7822
0.0010559662090813093 8309
0.0010559662090813093 5126 10757
0.0010559662090813093 0838
0.0010559662090813093 5390
0.0010559662090813093 10839 11364
0.0010559662090813093 8649
0.0010559662090813093 3297 6987 9628
0.0010559662090813093 0185 5126
0.0010559662090813093 0931 7181
0.0010559662090813093 3297 11904
0.0010559662090813093 4682 11591
0.0010559662090813093 5126 5767
0.0010559662090813093 11476 11628
0.0010559662090813093 2793 6987 8477 9628 10702
0.0010559662090813093 2047
0.0010559662090813093 7834
0.0010559662090813093 1658 4362
0.0010559662090813093 0931 9318
0.0010559662090813093 1658 7610
0.0010559662090813093 7181 9070
0.0010559662090813093 4541
0.0010559662090813093 5126 7592 12061
0.0010559662090813093 9628 11904
0.0010559662090813093 3798
0.0010559662090813093 10752 11591
0.0010559662090813093 3440 8784
0.0010559662090813093 0931 11417
0.0010559662090813093 4362 8888
0.0010559662090813093 0154
0.0010559662090813093 3411
0.0010559662090813093 2793 3297 8477 9628 10702
0.0010559662090813093 8007 8784
0.0010559662090813093 4698 10752
0.0010559662090813093 8554 8717
0.0010559662090813093 0223 12187
0.0010559662090813093 1567 2728
0.0010559662090813093 9020
0.0010559662090813093 1658 3880
0.0010559662090813093 3729
0.0010559662090813093 2608 2793 6987 11682
0.0010559662090813093 3637 7244
0.0010559662090813093 1541
0.0010559662090813093 3716
0.0010559662090813093 0931 4476
0.0010559662090813093 8118 8784
0.0010559662090813093 1891 6553
0.0010559662090813093 7513 10962
0.0010559662090813093 10926
0.0010559662090813093 0785
0.0010559662090813093 3828 4362
0.0010559662090813093 3949 4488
0.0010559662090813093 8081 11628
0.0010559662090813093 0407
0.0010559662090813093 4488 4805
0.0010559662090813093 2106 4488
0.0010559662090813093 1642 5126
0.0010559662090813093 12180
0.0010559662090813093 0931 4407
0.0010559662090813093 5126 10982
0.0010559662090813093 1105 3027
0.0010559662090813093 3297 6987 11682
0.0010559662090813093 1144 7610
0.0010559662090813093 4463 10479
0.0010559662090813093 1209 3828
0.0010559662090813093 1565 11142
0.0010559662090813093 0952 5126
0.0010559662090813093 4485
0.0010559662090813093 5126 7822
0.0010559662090813093 6985
0.0010559662090813093 1209 7592
0.0010559662090813093 10227
0.0010559662090813093 11658
0.0010559662090813093 0931 5174
0.0010559662090813093 8289 10752
0.0010559662090813093 7055 7244
0.0010559662090813093 2425 4362
0.0010559662090813093 11978
0.0010559662090813093 9317 10752
0.0010559662090813093 1053 5126
0.0010559662090813093 4488 8007 10752
0.0010559662090813093 8169
0.0010559662090813093 8167
0.0010559662090813093 4362 7610
0.0010559662090813093 5776 11591
0.0010559662090813093 5126 9657
0.0010559662090813093 5126 10223
0.0010559662090813093 0931 6860
0.0010559662090813093 9569
0.0010559662090813093 1209 4362 10752
0.0010559662090813093 2829
0.0010559662090813093 10752 10982
0.0010559662090813093 0916 9070
0.0010559662090813093 8102
0.0010559662090813093 0173 5126
0.0010559662090813093 7015
0.0010559662090813093 1144 9739
0.0010559662090813093 2686 5750
0.0010559662090813093 6274
0.0010559662090813093 9318 9822
0.0010559662090813093 1658 9318
0.0010559662090813093 0617
0.0010559662090813093 5126 8511
0.0010559662090813093 0916 10006 10483
0.0010559662090813093 9502
0.0010559662090813093 1144 11443
0.0010559662090813093 6235
0.0010559662090813093 1209 4362 5126
0.0010559662090813093 0865 12187
0.0010559662090813093 5126 8847
0.0010559662090813093 4973 8784
0.0010559662090813093 7055 9070
