0.04501853063004142 10752
0.04033137126662307 5865
0.03608022672770874 10483
0.030957052539786353 5875 10213
0.02877697841726619 8262
0.02866797471114018 6369
0.02670590800087203 5126
0.026160889470241987 9396
0.02343579681709178 8535
0.02299978199258775 3254
0.022127752343579683 6142
0.022127752343579683 6918
0.022018748637453674 3440
0.02158273381294964 9552
0.021473730106823633 8477
0.020165685633311534 10763 11340
0.020165685633311534 1067 8933
0.019402659690429473 5094
0.01831262262916939 5599
0.017876607804665358 1642
0.017876607804665358 0931
0.01765860039241334 6431
0.017440592980161325 3828
0.016677567037279267 8438 8933
0.01645955962502725 6733
0.01645955962502725 3818 9887
0.01645955962502725 9801
0.016350555918901243 9454
0.016241552212775234 10510
0.016023544800523218 5336
0.0158055373882712 11443
0.015478526269893177 7181
0.015478526269893177 9070
0.015042511445389144 4186
0.014497492914759103 10043
0.014279485502507086 5875 8933
0.014170481796381078 11078
0.014170481796381078 5875 8847
0.014061478090255068 1122
0.014061478090255068 6860
0.013407455853499018 3880 8933
0.013080444735120994 8860
0.012971441028994985 11009
0.012862437322868977 10439
0.012753433616742969 8438 10763
0.012753433616742969 8933 10763
0.01264442991061696 1209 8933
0.012535426204490953 4805
0.01209941137998692 8699 8769 10069
0.011990407673860911 6897
0.011990407673860911 4947 10763
0.011881403967734903 5875 11340
0.011881403967734903 1105
0.011772400261608895 6468
0.011663396555482887 1438
0.011663396555482887 4947 11340
0.011663396555482887 3880 5875
0.011554392849356878 4802 5755
0.011227381730978854 2830
0.011227381730978854 1440 8933
0.011118378024852845 1088
0.011009374318726837 5815
0.011009374318726837 3518
0.011009374318726837 1847
0.010900370612600829 7070
0.010028340963592761 4362 8933
0.010028340963592761 2070
