0.08422174840085288 1565
0.07398720682302772 4488
0.06695095948827293 8784
0.05255863539445629 10340
0.050106609808102345 4362
0.04978678038379531 11250
0.04893390191897654 9811
0.04115138592750533 4359
0.039445628997867806 6369
0.03901918976545842 1688
0.03891257995735608 11628
0.037633262260127934 3440
0.03582089552238806 7244
0.03411513859275053 1485
0.03400852878464819 11696
0.0337953091684435 7822
0.030810234541577827 8933
0.029424307036247335 5126
0.025479744136460553 4488 7244
0.024200426439232408 10479
0.023773987206823027 10752
0.022707889125799574 0173
0.022388059701492536 6897
0.02164179104477612 8333
0.021321961620469083 1565 11250
0.02025586353944563 4184
0.01950959488272921 2376
0.01812366737739872 2947
0.017484008528784647 1565 4488
0.017164179104477612 2728
0.017164179104477612 10474
0.016844349680170574 1565 7244
0.01673773987206823 2106
0.01535181236673774 3637
0.01535181236673774 8711
0.015031982942430704 11476
0.014925373134328358 2248
0.014712153518123668 4486
0.014392324093816631 4008
0.013965884861407249 11187
0.013752665245202559 7983
0.013752665245202559 9070
0.013539445628997868 1565 10479
0.013432835820895522 8295
0.013432835820895522 0557
0.013219616204690832 3518
0.013113006396588486 9628
0.013113006396588486 1565 4488 7244
0.01300639658848614 8472
0.01300639658848614 10042
0.01257995735607676 1565 8933
0.012473347547974413 10483
0.012473347547974413 9739
0.012046908315565033 2275
0.011727078891257996 8118
0.011194029850746268 7513
0.011087420042643924 5094
0.010980810234541578 1923
0.010980810234541578 9047
0.010874200426439232 4790
0.010874200426439232 10169
0.010767590618336887 10398
0.010660980810234541 2044
0.010660980810234541 8077
0.010341151385927505 10319
0.01023454157782516 4992
0.010021321961620469 4385
