0.0900695931477516 8784
0.07775695931477516 4362
0.07762312633832977 8933
0.04630620985010707 10069
0.04403104925053533 11628
0.04376338329764454 1015
0.04229122055674518 10763
0.03626873661670236 5126
0.0346627408993576 7055
0.032119914346895075 8769
0.0311830835117773 7069
0.03011241970021413 8699
0.026365096359743042 1688
0.025963597430406854 3818
0.025963597430406854 1209
0.0243576017130621 8295
0.023420770877944325 0192
0.02288543897216274 6860
0.022082441113490364 6715
0.021948608137044967 2570
0.021413276231263382 9811
0.021279443254817988 5039
0.02007494646680942 9726
0.019941113490364027 3828
0.019539614561027836 12061
0.019539614561027836 8699 8769
0.019405781584582442 9454
0.019004282655246254 1565
0.01873661670235546 7401
0.018201284796573874 9070
0.017933618843683084 2296
0.0172644539614561 3143
0.016461456102783725 8699 10069
0.016193790149892934 8860
0.016193790149892934 1342
0.016059957173447537 11134
0.01565845824411135 8769 10069
0.015390792291220557 8699 8769 10069
0.015256959314775161 6998
0.015256959314775161 3470
0.01458779443254818 0931
0.014453961456102784 0286
0.014320128479657388 5865
0.014320128479657388 7116
0.014186295503211991 4111
0.014052462526766596 6839
0.014052462526766596 4359
0.013918629550321198 3440
0.013784796573875803 5094
0.013784796573875803 3118
0.013650963597430408 6897
0.013249464668094218 8784 10069
0.012981798715203427 9124
0.01284796573875803 6733
0.012714132762312634 5651
0.012446466809421842 1848
0.012312633832976445 10333
0.01217880085653105 6918
0.01217880085653105 9001
0.012044967880085654 9317
0.011911134903640257 4488
0.011911134903640257 3772
0.011911134903640257 8380
0.011777301927194861 3880
0.011777301927194861 1105
0.011643468950749464 2248
0.011375802997858672 3818 5039
0.011375802997858672 8288
0.011375802997858672 1665
0.011241970021413276 7610
0.010974304068522484 9290
0.010974304068522484 9657
0.010840471092077088 5079
0.010706638115631691 8001
0.010572805139186296 11078
0.010572805139186296 0286 9726
0.010171306209850108 10579
0.010171306209850108 3603
0.010171306209850108 1015 7055
0.01003747323340471 9047
0.01003747323340471 1953
