0.12810143185047546 8933
0.10722483331511641 1565
0.08919007541807848 3880
0.08755055197289321 10752
0.0817575691332386 9739
0.06448792217728713 4488
0.0562903049513608 3818
0.0562903049513608 0931
0.055743797136299046 11250
0.048420592414471525 5126
0.04350202207891573 8784
0.04142529238168106 4362
0.03880205486938463 10483
0.03759973767624877 1565 8933
0.036725325172149964 7244
0.035960214231063506 11476
0.034867198600939994 3440
0.03464859547491529 1209
0.02962072357634714 11696
0.027434692316100122 1642
0.026669581375013664 1067
0.026123073559951908 4488 7244
0.025904470433927206 11340
0.0254672641818778 7181
0.0252486610558531 2947
0.024811454803803694 10479
0.022734725106569025 9887
0.02240682041753197 6369
0.021860312602470216 1565 11250
0.021751011039457865 4805
0.020985900098371407 3818 9887
0.02043939228330965 5865
0.019127773527161437 4463
0.01814405946005028 8333
0.01803475789703793 9811
0.017488250081976173 1565 7244
0.01737894851896382 1565 4488
0.01726964695595147 1088
0.01726964695595147 10042
0.017051043829926768 5599
0.016941742266914417 1067 8933
0.016504536014865012 4616
0.016067329762815608 2947 9739
0.015958028199803256 0173
0.015958028199803256 11628
0.015848726636790905 11868
0.015739425073778554 9070
0.014865012569679746 1105
0.014537107880642693 2376
0.01420920319160564 4486
0.013771996939556235 1565 10479
0.013553393813531534 7513
0.013553393813531534 10439
0.013444092250519183 4186
0.013444092250519183 1565 4488 7244
0.013334790687506832 1438
0.013334790687506832 8406
0.01311618756148213 8860
0.012788282872445076 11009
0.012678981309432725 10411
0.01224177505738332 1345
0.012023171931358618 8262
0.011804568805333916 3880 10752
0.011804568805333916 3880 8933
0.011585965679309215 1209 8933
0.011476664116296864 5094
0.011476664116296864 2106
0.011367362553284513 11443
0.011039457864247459 3019
0.010930156301235108 4947
0.010930156301235108 6063
0.010492950049185703 9190
0.010492950049185703 8477
0.010383648486173352 3828
