0.10404028842852238 11628
0.09991988096600664 0801
0.09923314638892068 5126
0.09305253519514707 0109
0.07966121094197093 2296
0.07290832093395902 4362
0.06615543092594713 6528
0.05207737209568502 8380
0.051161725992903744 2560
0.046697951241845025 5875
0.04429438022204418 9070
0.04211972072793865 8333
0.04108961886230972 0109 0801
0.03628247682270802 6142
0.03422227309145016 3603
0.03204761359734463 7181
0.030330777154629736 10763
0.02918621952615314 3440
0.028957308000457822 9811
0.027126015794895274 1015
0.0256380908778757 8288
0.024722444775094426 0173
0.023120064095227193 9646
0.021975506466750602 2608
0.021403227652512305 11187
0.020716493075426348 7116
0.02014421426118805 12031
0.019114112395559116 8933
0.01808401052993018 4790
0.01796955476708252 12187
0.017740643241387202 11217
0.016367174087215292 2560 12031
0.016252718324367633 11466
0.016138262561519973 0801 4362
0.016023806798672314 7775
0.015794895272976995 2671
0.015794895272976995 1665
0.015680439510129335 7055
0.015565983747281676 1666
0.015451527984434017 1484
0.015451527984434017 3518
0.015337072221586357 1891
0.015337072221586357 5936
0.015222616458738698 4175
0.015108160695891038 12123
0.015108160695891038 1565
0.015108160695891038 2368
0.01476479340734806 10340
0.0146503376445004 6608
0.014306970355957422 0801 6528
0.014078058830262103 2296 8333
0.013505780016023807 3828
0.013391324253176148 0859
0.013276868490328489 10483
0.01293350120178551 0801 11628
0.01293350120178551 2163
0.012475678150394872 5126 11628
0.012361222387547213 4362 11628
0.011903399336156575 6652
0.011788943573308916 2296 6608
0.010873297470527642 11009
0.010873297470527642 0109 11628
0.010758841707679982 2560 11628
0.010644385944832323 0109 5126
0.010644385944832323 9003
0.010529930181984663 0801 8380
0.010529930181984663 7574
0.010301018656289344 5781
0.010301018656289344 4206
0.010186562893441685 7783
0.010072107130594025 10288
0.010072107130594025 2296 5126
0.010072107130594025 10254
0.010072107130594025 5747
