0.5201032586437773 9317
0.46436113827512937 1658
0.3917746267143931 0931
0.38494784303486806 8001
0.356712961051592 4698
0.2168600354796455 4463
0.18952191984335975 10439
0.1469891285081273 6393
0.05882558084110823 7181
0.05362168604308959 4206
0.0 1891
0.0 1144
0.0 3637
0.0 11618
0.0 0885
0.0 12187
0.0 7244
0.0 8147
0.0 0098
0.0 0916
0.0 5232
0.0 2425
0.0 8924
0.0 1144 10752
0.0 4488
0.0 11466
0.0 4973
0.0 2122
0.0 10169
0.0 3772
0.0 3027
0.0 10752
0.0 10006
0.0 5515
0.0 4488 7244
0.0 3470
0.0 8380
0.0 1565 7244
0.0 4805
0.0 7610
0.0 12061
0.0 7513
0.0 9124
0.0 9318
0.0 5174
0.0 7509
0.0 1565 4488
0.0 8406
0.0 11636
0.0 11591
0.0 6063
0.0 7063
0.0 4155
0.0 1345
0.0 0098 5515
-0.0037531550203162567 1105
-0.01712327239219036 1209
-0.03033786136749761 7055
-0.031130348269063024 5126
-0.10712061486617053 7592
-0.11169691341565802 4362
-0.17094007646106135 9070
-0.21429615740788233 11476
-0.29303190947699864 10479
-0.3109045995231563 4790
-0.3262672486601992 11628
-0.35056684383354675 7822
-0.3670727022408835 9628
-0.3879062056580498 8860
-0.5029012119863188 1642
-0.751891289088312 3828
-0.7849618335200246 3440
-0.9343003380614405 8847
-0.9709403209593663 1565
-0.9829945948535181 6369
-1.1015243647916462 10483
-1.1627665914815184 3880
-1.202691333191141 9739
-1.5403140339190085 8784
-1.5428849553092192 8333
