0.5111823265614435 8262
0.4887341604325641 3880
0.44708360307435235 6860
0.4298769444944339 8477
0.3857064630447926 10069
0.31055103016317354 5875
0.28684327094145967 5755
0.24118470900208955 6369
0.16251016908562388 4186
0.14557680874208323 1642
0.12522027709498662 6431
0.0 2830
0.0 8438 10763
0.0 6733
0.0 5599
0.0 8699
0.0 5336
0.0 10213
0.0 8535
0.0 8438
0.0 8438 8933
0.0 3818
0.0 9396
0.0 9887
0.0 1122
0.0 6918
0.0 5875 8847
0.0 3818 9887
0.0 1088
0.0 1067 8933
0.0 4947 11340
0.0 4362 8933
0.0 4802 5755
0.0 5875 8933
0.0 4802
0.0 5865
0.0 2070
0.0 3880 8933
0.0 8769
0.0 5875 10213
0.0 11443
0.0 6468
0.0 1067
0.0 7070
0.0 8699 8769
0.0 10043
0.0 1209 8933
0.0 8699 8769 10069
0.0 4947
0.0 8699 10069
0.0 8769 10069
0.0 3880 5875
0.0 9552
0.0 8847
0.0 4947 10763
0.0 9454
-0.03633256903243165 8933
-0.04170223618580238 8933 10763
-0.07356333514093905 1440 8933
-0.12765178328779125 1209
-0.12934170022031743 9801
-0.1393214788855781 1847
-0.17110409972730434 5875 11340
-0.175278869451998 1440
-0.2795105797040649 10763
-0.29827976874777207 1105
-0.31500497747342227 11078
-0.3532268383090953 11009
-0.3564379490062173 10763 11340
-0.3711162440243889 3828
-0.3894699711551475 7181
-0.3926016282316729 3254
-0.42489464845999336 10483
-0.44006620409858854 11340
-0.46649295146397485 10510
-0.46888728956632164 4362
-0.48797718693596703 5815
-0.518646133064661 10439
-0.5237107768887022 6897
-0.5853389404765359 6142
-0.6766535263565139 4805
-0.7213833941600978 8860
-0.7302057752297975 3518
-0.7493045369437894 10752
-0.7609277150541365 3440
-0.7935503696933113 5094
-0.8133719078506658 9070
-0.9496936878932818 0931
-1.1075733476750003 5126
-1.5197495329904465 1438
