0.33568389442752267 3203
0.3188784392199766 11696
0.19753708629820466 1688
0.16387631288620508 9811
0.12932692985832173 12123
0.013112515160776717 3603
0.0 10483
0.0 5936
0.0 6839
0.0 2044
0.0 6897
0.0 1824
0.0 9248
0.0 2296
0.0 11868
0.0 1682
0.0 2296 9248
0.0 5039
0.0 0286
0.0 8333
0.0 3818 5039
0.0 7783
0.0 9726
0.0 8295
0.0 7621
0.0 2296 8333
0.0 4616
0.0 0862
0.0 2376
0.0 5579
0.0 2296 5126
0.0 7775
0.0 8288
0.0 2608
0.0 2275
0.0 9776
0.0 10254
0.0 1824 8333
0.0 3407
0.0 5579 10763
0.0 6608
0.0 6018
0.0 2296 6608
0.0 0161
0.0 2850
0.0 0064
0.0 2163
0.0 2296 4362
0.0 5651
0.0 9204
0.0 7069
0.0 2296 7069
0.0 9003
0.0 5747
0.0 10529
0.0 4362 10763
-0.04339128647567225 6652
-0.06758636059006573 1342
-0.10568495215171758 9070
-0.17394380793982656 10763
-0.183601888447245 1847
-0.2634826637100631 4362
-0.3945126760807094 9801
-0.42133905596637167 5126
-0.5749953655129287 2947
-0.6531892526989163 11187
-0.6673672226700722 10510
-0.7019759122904485 3818
-0.7834783870609572 5865
-0.8275451657500783 7181
-0.926207747105332 11628
-0.9967034723595782 6528
-1.0763761489757293 3440
-1.1423451245799487 8438
-1.336975035303877 7055
-1.405325423294082 1565
-1.5448031868555687 5875
-1.690228579454348 0801
-1.7872221073524548 9739
-1.9594676075078472 8933
-2.6551519820165184 8784
-2.9491105173403263 11340
