0.8869644629626436 0109
0.8206159230014922 3019
0.8098968280237964 2296 9248
0.8097522041911969 6056
0.7806676010084095 0801
0.7803611872088982 6528
0.7530969873336266 9310
0.7392573737189698 1015
0.7358962465800198 6608
0.7282223186945984 5079
0.7225904506152672 0859
0.7200681869461567 0109 0801
0.7167719401676971 2296
0.6840428701260484 0801 6528
0.6833862885709001 8288
0.6759423713549326 7401
0.6583444941026144 5936
0.6317442832523037 0801 11628
0.6193822378535945 2296 6608
0.614917332409485 10288
0.6042336014191436 7775
0.5872245027157872 9646
0.574238861121307 1824 8333
0.5723975142971387 2368
0.5657685576575178 9454
0.5484887796029518 2296 4362
0.5470087327261943 2296 8333
0.540267784844561 0801 4362
0.5351919569894932 0801 10763
0.4813655940322903 2608
0.4508838583263097 5747
0.43121250395611455 3603
0.3959195754014946 6578
0.37933874369709564 9248
0.3081436862102285 7783
0.29555730893831544 7069
0.22921794847332322 2671
0.21907184849163386 6998
0.21635694162836838 8333
0.19409112549209784 2163
0.17345113487875796 4882
0.1570935586766291 10123
0.14569294586832093 6715
0.14325981797344234 1824
0.09837565331753861 10254
0.033273476830497195 2101
0.001874226111747923 6652
-0.0434970723187571 4362
-0.09475325019640302 3518
-0.10406334090951219 9204
-0.12216056972192657 11628
-0.15081597255681878 9070
-0.1753621296013539 5126
-0.22314305023878855 6733
-0.2671736813706618 9801
-0.2755756476602951 2275
-0.2914175203520921 10483
-0.2935882110619792 2570
-0.4288219079559772 11187
-0.5018585613715132 7055
-0.5125346826401342 3027
-0.5170478076633573 4790
-0.5532380221333533 12123
-0.6187928516000483 3440
-0.7103100362777104 8380
-0.7570879317683046 7116
-0.8059088745079022 5174
-0.8883168420799388 2560
-1.0236857250518705 12061
-1.0536804284888515 8933
-1.2101657564241055 5094
-1.298654615751401 1565
-1.519289016007023 10763
-1.542564074005166 9811
-1.6039527739826784 1209
-1.7792513712724567 8784
-2.3214467427045298 5875
