0.6485684356154482 0801
0.30364498589359945 11628
0.1824268302452312 5126
0.32778864844892475 0109
0.7913590351244095 6528
0.22531902393960124 2296
-0.2904688205105468 4362
0.495530028412146 8380
0.3388634508223376 2560
0.5760239914380101 0109 0801
0.22496631852553062 9070
-0.019228984806020755 8333
0.38391803779423395 3603
0.008059633049807502 7181
-0.47064132953854276 6142
0.1910189866021934 8288
0.59514394633484 2608
0.3414358291552908 9646
-0.9893221858829193 5875
0.1341662659006495 0173
-0.22105887764128962 9811
0.5596417361091586 12031
-0.3692617055728409 3440
0.2596228006012167 11187
0.8486896996551092 1666
0.8135894117310611 1484
0.6626184736087986 0801 4362
0.6106253737780563 2560 12031
0.34124982615864496 12187
-0.03346946160430786 7116
-0.5697775927778546 1015
0.6108330178213786 2671
0.27037823879901524 11217
0.5417060744709801 7775
0.4867179486012301 11466
0.7489485286263324 6608
0.597562209034332 1891
0.777196900235074 0801 6528
0.5277557670036339 5936
0.5570446246231207 2368
0.04824749008786089 4790
0.7513308222622701 0801 11628
0.41054653377074146 2296 8333
0.200965051953661 12123
0.14771520238133196 4175
0.01901684605915932 1665
0.4208208415275374 0859
0.7482364968404447 2296 6608
1.0258705171002207 7574
0.8697513151829392 0801 8380
0.7585036904703939 0109 11628
0.3553817834066475 5126 11628
0.7267488110285143 2560 11628
-0.1834007515827656 3518
0.19964888754669818 2163
0.8196639261407457 5781
0.6161615374185692 0109 5126
0.5125389063444112 9003
0.5518643855174403 2296 5126
0.49340497774304204 5747
-0.08112646993135364 4362 11628
0.3524375067911034 7783
0.3483067680288485 10288
-0.1109121997194622 6652
0.013927416903985801 4206
-0.5356139221005458 3828
-0.08262439820810652 10254
-0.8924281585076752 7055
-0.3349616492934935 11009
-0.9680962080844608 10340
-1.19883935594192 10483
-2.046659205085705 10763
-2.179560719631723 1565
-2.2680798322387203 8933
