8.679948892863473 8699 8769 10069
5.63981634625336 0286 9726
4.488098197836003 8699 8769
4.181595763426099 3818 5039
3.8359464121222677 8699 10069
3.4802981179729233 8769 10069
2.450372929989623 1015 7055
1.6725034437124187 8784 10069
0.3648511641766303 9726
0.27240491541203493 11134
0.22349531493108987 10579
0.17102789503695348 8699
0.16600982027032796 9657
0.14949473348731068 3470
0.1346860479732328 7610
0.1325868187328778 2570
0.11778587375997329 6860
0.10353469089017509 10069
0.08761188684931476 0286
0.08409225826567113 10333
0.057934116191317386 7069
0.0429230692892677 7401
0.03832535755083999 3143
0.01740470592374166 3772
0.014908693119671135 1953
-0.015044528981956518 6715
-0.018210581462193787 4111
-0.01936120896507454 8769
-0.023597547033683774 8295
-0.02840634856808144 5039
-0.039539090902705354 8001
-0.04795133071890412 5651
-0.05018633510221271 9047
-0.056027213691274724 9454
-0.0834824384903019 9124
-0.0859319963871572 1665
-0.09200651079684086 6839
-0.0931384802867603 9001
-0.09857568471998723 8784
-0.09961969490671674 5079
-0.10077672042457309 9290
-0.10495449935166601 3118
-0.11353967234648188 6998
-0.1145197641239104 1015
-0.12363811984595063 2248
-0.13014163968361103 6733
-0.130788153268659 1209
-0.13173278911245134 1688
-0.14150150184815935 1105
-0.15387176638169997 3818
-0.1581835874013242 0192
-0.15875224923008613 4488
-0.15922446407502644 10763
-0.16158896224612818 12061
-0.1649887653064388 11628
-0.1664512033849248 8933
-0.1701685335551888 9070
-0.17107808178803907 1565
-0.17316365503290143 11078
-0.17505406155918646 3880
-0.175945329296737 1848
-0.17656597677496322 4362
-0.1773283251280544 6897
-0.1779956525098072 7116
-0.17956954268167902 1342
-0.1803584458550791 7055
-0.18085550555050744 5126
-0.18182702951454388 3828
-0.18249704474474804 9811
-0.19154218434775494 3440
-0.19154218434775494 2296
-0.19154218434775494 6918
-0.19154218434775494 8288
-0.19154218434775494 3603
-0.19154218434775494 5865
-0.19154218434775494 9317
-0.19154218434775494 0931
-0.19154218434775583 8380
-0.19154218434775583 8860
-0.19154218434775583 4359
-0.19154218434775672 5094
