5.851793117309594 1565 4488 7244
3.932646189064166 3818 9887
3.636134215919908 4488 7244
2.9662402552437577 2947 9739
2.201814139081063 1565 7244
2.193384720131373 1565 10479
2.1180394688415003 1067 8933
1.8086597577006707 1565 11250
1.3568883792391642 1565 4488
1.2920003105527655 1565 8933
1.114418557335778 1209 8933
0.6336433818788798 3880 10752
0.14509221339663192 1088
0.14509221339663192 10042
0.14486948934510702 3880
0.09819226294126793 7244
0.07845434920959171 3880 8933
0.07456536417281834 4488
0.03978853654851022 2376
0.010568397633516469 9739
0.006873914075774756 4486
-0.0047553337754662195 2947
-0.014854199246390642 11250
-0.016458589754850372 9887
-0.045377193494559265 11868
-0.047277817602604966 1565
-0.050209335473590855 1642
-0.05095117636454116 3019
-0.06077477825354638 9190
-0.07115046108201906 4616
-0.07847029854236265 1067
-0.0806047629551978 7181
-0.08638772954350493 3818
-0.08785480665443313 11696
-0.08883084440366584 11476
-0.0952658808899578 0931
-0.10643871923083914 10411
-0.10742818310252789 10752
-0.10963123002882202 1438
-0.11351879375827822 8933
-0.1197306415270809 0173
-0.11981809084008699 11009
-0.12300636847113466 5599
-0.12420015839517973 8477
-0.12459338831835876 10483
-0.12777561261900772 11443
-0.13135792010882152 10479
-0.13408427375336096 8406
-0.14505749087807374 4463
-0.149825966070674 9070
-0.15179925263071414 3440
-0.15240978799356686 9811
-0.1554310469210325 4805
-0.15585966568803578 6369
-0.1562855667605243 1209
-0.15682845926057265 8262
-0.15706479230080728 1345
-0.15822668023195163 4186
-0.15832204296066887 7513
-0.1600883791432226 11628
-0.16619223405828532 4362
-0.1663744246076133 8784
-0.16674351884471772 5126
-0.17000384800830393 1105
-0.17000384800830393 10439
-0.17000384800830481 8333
-0.17000384800830481 5094
-0.17000384800830481 8860
-0.17000384800830481 2106
-0.17000384800830481 11340
-0.17000384800830481 4947
-0.17000384800830481 6063
-0.1700038480083057 3828
-0.1700038480083057 5865
