3.700107962147496 7592 12061
3.018338929101297 6253 8784
0.14210161644622143 7592
0.14149825021906537 5174
0.1350735987490319 7822
0.07308171916632134 5205
0.07196117927240664 9628
0.06034209600557272 4973
0.05977879995850355 7983
0.014973121260543287 11618
0.01248808317937744 2047
0.00969301289483937 9017
0.0033253135745727747 1923
-0.0019973976281857375 10474
-0.005661480059170998 10340
-0.01609892757987552 6253
-0.019836991279884586 5236
-0.04273306666343224 0064
-0.042798889048738076 10752
-0.0429864822693693 7509
-0.04448072894969979 12061
-0.05974748560300913 9124
-0.06255230187171801 5520
-0.07396890497235731 9318
-0.07872494224889426 2425
-0.07988606508089813 3386
-0.08294082574884509 10006
-0.0840342976723818 8847
-0.08463785542168178 4698
-0.08565223998662574 1144
-0.09002151285988447 6393
-0.09821271288748967 10982
-0.09869241199112277 7385
-0.10029502507129617 8421
-0.10422637239489685 8784
-0.10565592880185459 10483
-0.11059340096316372 1209
-0.11216753646127309 6369
-0.11230754277327559 2122
-0.11627141201770907 8118
-0.11636005959774831 10169
-0.11754419113942216 4790
-0.11997092853396296 2570
-0.12305678386496766 11628
-0.12325784233381576 9776
-0.12411684506290932 1485
-0.12594482957859565 7055
-0.1259824796703528 9801
-0.12824908664229806 3518
-0.12966110952354448 1342
-0.12980254328091245 4184
-0.13046987066266613 4155
-0.13119236214303065 8711
-0.13214230221232182 11591
-0.13261163922836428 3880
-0.13374806704678655 5875
-0.13396273783669166 5094
-0.1348272310459535 8860
-0.13725903632530478 3440
-0.13778444878909912 8333
-0.13803010743488375 4362
-0.14401640250061298 10510
-0.14401640250061298 1658
-0.14401640250061387 3828
-0.14401640250061387 9739
-0.14401640250061387 5126
-0.14401640250061387 4805
-0.14401640250061387 2275
-0.14401640250061387 5865
-0.14401640250061387 2947
-0.14401640250061387 9070
-0.14401640250061387 10439
-0.14401640250061387 4359
-0.14401640250061476 0916
