5.983312095116854 1565 4488 7244
3.4314470952928096 4488 7244
2.715343380239535 1565 10479
2.477538150155616 1565 7244
2.3314150635531554 1565 11250
1.9521894563522197 1565 8933
1.5394372874799966 1565 4488
0.22173569067133148 3637
0.1913620416278139 4385
0.18890429820396015 4486
0.18191786788785258 1923
0.15863885534629052 8077
0.13621373073030174 2106
0.11045983297462225 4488
0.10038451708576357 2376
0.09196781570100221 1485
0.07351908499564441 4359
0.05585752229172147 7244
0.05506052657627336 8472
0.04462031102254027 11250
0.04298987829273315 10479
0.02379631305942187 4992
0.017967234257224796 4184
0.011117178988675924 1688
-0.020318103841018953 10340
-0.040500396388487125 11696
-0.05337154746303696 2248
-0.05337154746303696 2728
-0.05337154746303696 10474
-0.059446061872721945 1565
-0.06499687258266462 9047
-0.10911409939003303 8118
-0.11321095601352482 10042
-0.11879462246108652 10319
-0.12808680075722556 6369
-0.1392619688946235 8711
-0.15935447668417435 7983
-0.16473265641074075 4008
-0.1715058850061677 9811
-0.17307830482492115 11187
-0.17687830428902718 7822
-0.18350546094749642 2275
-0.18830112754914463 2947
-0.19193237799601448 3518
-0.19330180860751156 8295
-0.20273034117266286 8784
-0.21257014231229032 6897
-0.2134796905451415 0173
-0.2174653282348178 10398
-0.21972993388515683 7513
-0.22922138286245541 0557
-0.2326952469075989 4790
-0.23424469936121906 11476
-0.2382892633808229 9739
-0.24014005906876346 9628
-0.24304839365610675 10752
-0.2470526721579578 8333
-0.2510314481065654 3440
-0.2518513488551566 11628
-0.25722801736205714 4362
-0.2612643991043697 2044
-0.2615501095797832 10169
-0.2633802443436526 10483
-0.26574521297449394 8933
-0.27052732043333805 5126
-0.2757639687994855 5094
-0.2757639687994855 9070
