5.943818401926785 0098 5515
5.098285290939692 8699 8769
4.592750347178298 8769 10069
4.522388488466382 8699 10069
4.161939566370774 3818 9887
3.6911517822987445 7592 12061
3.2351342174808106 2947 9739
3.127704806861331 6253 8784
1.5958750169628049 1144 10752
1.1434581372362764 1209 8933
0.6575922794757467 3880 10752
0.17207384033614304 6253
0.11731722723394356 3118
0.11512301382103107 10082
0.026757642018334415 11618
0.024413701550037636 0931
0.0019680691416339435 10752
-0.008007776142340717 9124
-0.02528576757417511 10982
-0.025429664385642425 4805
-0.031736377703341034 1209
-0.032530095276409376 1345
-0.03653347432363052 1105
-0.03682805217884244 5232
-0.04018818189149176 2122
-0.045083145619494225 8699
-0.04788257368149118 9887
-0.0486497606396874 1642
-0.0503631753789584 9739
-0.05410419073179451 1848
-0.05895476903142516 10439
-0.06252193522124383 8406
-0.07136983713976974 1658
-0.07512197200087734 5205
-0.08609308982188058 7610
-0.0880239989738314 10006
-0.09227669303994457 1144
-0.09255024677536117 8784
-0.0968170431001969 6474
-0.10224915002374146 3027
-0.10362839968987192 4024
-0.1075434496932548 4155
-0.11354219031469892 9318
-0.11384802654746462 0098
-0.11576395649822313 12061
-0.12061335615961966 7592
-0.1214826406511289 7509
-0.12158128309353788 4186
-0.12235832810799252 3818
-0.12719069214371537 5515
-0.12789651164942217 5599
-0.13405510535571175 9017
-0.14215720477459115 8421
-0.1435603488067958 3880
-0.1464970840378319 8769
-0.15378624904676297 2947
-0.1552923206848602 7055
-0.16057541470940073 2570
-0.16397219075826808 10069
-0.16729425713830626 1067
-0.16773823161200063 6733
-0.16859164485243738 11591
-0.16866273984029956 5174
-0.17120907619225445 0916
-0.17241917335579338 5865
-0.17925481717236114 8933
-0.17934234783932457 10483
-0.18061510084819066 6860
-0.18203717591738933 8333
-0.1846892606044399 5126
-0.18482788692305352 9070
-0.18710632224678925 5094
-0.18731505454758324 8860
-0.18863032583552375 3828
-0.18879826773895836 4362
-0.1888756863083838 11009
-0.18984609912815298 2425
-0.1902362381393985 4973
-0.191774702738285 3440
-0.19433908015253376 11476
-0.19513584911717086 11628
-0.2006528540847361 6918
-0.2006528540847361 1565
-0.200652854084737 0192
-0.200652854084737 7181
-0.20065285408473787 6393
-0.20065285408473787 4463
