0.031309720428955426 7592 12061
0.028610536620924994 7822
0.02694286687685296 6253 8784
0.021170548901174483 7592
0.01717355540654006 5174
0.009198704158341647 4973
0.007773412199142076 5520
0.007653572463905575 6393
0.007217756764506263 9017
0.00676807694066175 5205
0.006559778954353422 10340
0.005611646821283463 7509
0.005364838847063783 9628
0.005241762602031271 7983
0.004865736481092337 9318
0.004616070348663748 2047
0.004340329397152705 1923
0.003587307820860526 1144
0.0035758889378305465 11618
0.0030889279872341894 8421
0.0028670559823869343 10006
0.002491469641905583 5236
0.00230395085784479 2425
0.0020560291684169904 10169
0.0019001344603744059 4698
0.001689641175634392 3386
0.0016511508784090557 11591
0.0013697237941041685 8711
0.0010538840923953008 10474
8.623955458802394E-4 1658
8.457862535434647E-4 4155
5.484164514458888E-4 9776
4.374436745129395E-4 0064
3.969887304383472E-4 8860
3.632381480656896E-4 8118
5.619278601047192E-5 10982
0.0 6253
-3.980002413905943E-5 8847
-4.946171124787955E-5 12061
-1.504057964340755E-4 4184
-2.9776835683047496E-4 0916
-3.2599289579247345E-4 7385
-3.6473097174277475E-4 1485
-5.43485453237003E-4 2122
-5.97867471695533E-4 2275
-7.774499442587368E-4 9124
-0.0017101081749668675 10439
-0.0029019549965408255 4359
-0.0032330742684111035 6369
-0.003466680353203139 3518
-0.0034924518152841966 1342
-0.0036157526216676473 2570
-0.003874772483463754 3828
-0.003955757275245692 4790
-0.004986826276130106 5865
-0.005251163233700562 4805
-0.005321834835189582 2947
-0.005654887198370842 9801
-0.00629893579667839 10483
-0.0068630905446730355 1209
-0.007026010581104813 10510
-0.007168006723017037 7055
-0.008041190126323544 3440
-0.009064998304444053 5094
-0.009232490382257824 10752
-0.0098444873423656 8333
-0.010351214189369719 9070
-0.01078409929961227 8784
-0.013575462103028008 9739
-0.013899430161981325 3880
-0.017064173231600532 4362
-0.021875853915839738 11628
-0.023696388385036942 5875
-0.023744564316965474 5126
