0.0742253320659008 4488 7244
0.06504169355502563 1565 4488 7244
0.043460938596000795 1565 11250
0.03169774940938736 1565 10479
0.02471546482348457 1565 4488
0.019400629502845 4488
0.019058986535340466 1565 8933
0.009319642315072886 4359
0.008975621363284553 11250
0.008477736982206788 1485
0.008254314042124343 7244
0.00810755358409518 10340
0.007245574421800731 1688
0.005364356813434162 2376
0.005347569288184754 4486
0.005265172788558119 10479
0.0052019078157766055 2106
0.004896032540101665 3637
0.004051185689801719 1565
0.003914585049576392 1923
0.0039001175556375436 4184
0.0035523909033106657 8077
0.00304443339534209 4385
0.0029760962127938187 11696
0.002080364828498425 2728
0.0018305161266741468 8472
9.305430304281711E-4 9047
8.884885796684647E-4 10474
8.48033506622992E-4 2248
5.76837582680901E-4 10319
2.687550358739437E-4 10042
1.4166011955476712E-4 4008
1.3254679919099676E-4 8711
0.0 1565 7244
0.0 4992
-5.068134762048161E-4 8118
-0.0012080598624089325 10398
-0.0012524340939935443 7983
-0.0019485953391619642 8295
-0.0020886066557047867 0557
-0.0022212626854069563 6897
-0.002371441227006136 11187
-0.0023897172018715234 7513
-0.002398131952283147 2044
-0.002438222414268849 0173
-0.0025420307189735784 2275
-0.0026677774154386827 10169
-0.002938993949473494 6369
-0.003065296621042916 4790
-0.003295681180253761 3518
-0.003623188556971387 9628
-0.003906158955328952 2947
-0.00414082252798803 7822
-0.0045211636086545555 11476
-0.005483291461747391 10483
-0.005630106999612423 5094
-0.005840077054174424 9070
-0.007165832811202802 9811
-0.007233324408084592 9739
-0.009261886845925292 3440
-0.009352261828762387 8333
-0.012543657761783096 11628
-0.01351008327586019 5126
-0.013516499854985565 10752
-0.017501928253945052 8933
-0.017837175255775047 4362
-0.01859480142819185 8784
