0.06375142572035293 6142 7153 11340
0.06324031616690753 6142 7153
0.04782025589287705 4616 11868
0.03923250007913797 4802 5755
0.036471330363836076 1440 8933
0.02145098272832212 8438 10763
0.02138542118121475 10763 11340
0.02079069492617028 5579 10763
0.019727338598018635 8438 8933
0.018310668795646978 6142 11340
0.014349459449558542 1565 8933
0.01112326060493973 1440
0.010799116262601029 4947 10763
0.01003718808228172 9396
0.008762635496725683 4947 11340
0.008641575983103042 11868
0.008442378769974793 10763
0.00844012824119529 1438 11340
0.008263166185107793 7153
0.007722400763200341 4616
0.007209748624831822 8438
0.0064295199989759825 11340
0.005642531657179752 9811 10763
0.005555374450604833 1440 10763
0.005248606406287146 4362 10763
0.0048767828922725584 5579
0.004688054619065432 8438 11340
0.004572785564956411 6468
0.004438525656965826 9396 11340
0.004165584069547636 5094 11340
0.003826707562129276 4947
0.0024167060072275387 8535
0.0019489075862301334 9396 10763
0.001271691497080063 8064
9.637946661155982E-4 8003
7.148879591691207E-4 3470
6.303567272784698E-4 5336
2.9919383758559236E-4 0554
0.0 7153 11340
0.0 4802
-2.4466489070656104E-4 5915
-2.8978478663337255E-4 2850
-3.19712381879402E-4 6142 10763
-3.4023491746154296E-4 7070
-3.669046042187913E-4 5815
-4.965773677880098E-4 5755
-8.783608867270137E-4 2510
-8.785197687679398E-4 8477
-0.0010927070574871512 3229
-0.0014110019421653712 1847
-0.001608803082493248 9547
-0.0016747850946281242 7868
-0.0017040571699640974 10043
-0.0017795036178791309 2830
-0.0022010492396651728 9290
-0.002689871341441193 9776
-0.0027028611686982645 8262
-0.002718482490343246 9628
-0.002999553342437822 1342
-0.0030605087440949536 10510
-0.0032025333906070025 8769
-0.0033154860593353134 8933 10763
-0.003688123851198856 0192
-0.0036983815206855105 10069
-0.0037194298003474994 12123
-0.004231766393013508 9801
-0.005120405957222175 11078
-0.005514751830852418 3828
-0.0055875018923113515 9070
-0.005683030130506074 5865
-0.005881417191949889 5094
-0.0059956756125565175 6142
-0.006792867405292657 3818
-0.007618505347285207 1438
-0.009087522848589451 1565
-0.009953204388857963 3440
-0.010115052389132882 9811
-0.011112196998404428 8933 11340
-0.0122295788261452 11628
-0.013743067394477983 4362
-0.01566170561732424 8933
