0.05633394894159101 0109 0801
0.03632247953766351 2560 12031
0.03422561191281455 0801
0.026433762369983016 6528
0.02316628519433372 2296 6608
0.015622322912858425 2296 8333
0.015601262016394165 11628
0.014584264946637027 0109
0.013844960221897977 0801 6528
0.013734063506075103 0801 4362
0.012663702254584396 8380
0.010077034922914098 0801 8380
0.008867318708724946 2560 11628
0.007108339571990048 0801 11628
0.007081522278135101 1666
0.006487099180263987 1484
0.006369273269153071 2560
0.005674025866000106 2608
0.005610434554929694 3603
0.0043873064731047165 5781
0.004354845297488307 2296
0.004099146555704216 2671
0.0039803564604576425 1891
0.003975322501668544 9646
0.0038138747795342263 11466
0.0035371412547999435 2368
0.003509161635382671 0109 5126
0.003212143524464926 2296 5126
0.0029764135717008223 5126 11628
0.002936487669313501 4362 11628
0.002235576183014189 9003
0.0021966842858520096 9070
0.0021246143896534357 5747
0.0020246289461330344 0859
0.001999709410985585 12187
0.0017293660979931262 5126
0.001693468143891717 11217
0.0016028688349923649 7783
0.001275840529004555 11187
0.0012208960151291514 10288
0.001193016170512815 0173
8.674712200601003E-4 8288
8.472875525927396E-4 12123
4.494109393736525E-4 2163
4.4447454113870046E-4 4175
0.0 12031
0.0 5936
0.0 7775
0.0 0109 11628
0.0 7574
0.0 6608
-5.74690671214993E-4 1665
-6.48290830451704E-4 4206
-8.073636268496263E-4 4790
-8.331850774980794E-4 7181
-0.0011182689089536202 10254
-0.0015051215043598832 6652
-0.0019617049129980763 7116
-0.0024551237105140166 3518
-0.002585731253248259 11009
-0.0034398340080358746 8333
-0.0045869136448781515 3828
-0.004872011428182184 9811
-0.0075812562976903 3440
-0.008215022540039748 10340
-0.008219251314858188 7055
-0.008993456662963506 10483
-0.009660894627125029 6142
-0.009676767223141114 1015
-0.015858156012626932 4362
-0.017642381424321393 1565
-0.023000146225162353 8933
-0.02649154437689294 5875
-0.03340291414276846 10763
