0.07436254029172971 0109 0801
0.03473012530240402 0109
0.030756857652647525 1824 8333
0.02232976618088747 2296 6608
0.020617475495122984 2296 9248
0.017525076245747395 0801
0.01649192918536725 2296 8333
0.011737284995123092 2296
0.01162866527427316 0801 6528
0.011195622451068307 6528
0.008480751109428128 0801 4362
0.00812023853676835 0801 10763
0.007467087585819817 1015
0.006666593251424647 0801 11628
0.0031838215535808837 8288
0.00303516906013049 3019
0.003011414673415206 9646
0.001946146792842912 6056
0.001793790243492866 0859
0.0014120474961167523 9310
0.0012826091157455263 10288
0.0012812623797109112 5079
8.345188786027245E-4 7401
7.905715450315992E-4 9248
6.111066584992307E-4 5936
4.440081981194548E-4 6998
2.9706660892813666E-4 10123
2.724826061096861E-4 9454
0.0 6608
-2.174899559421446E-4 2296 4362
-2.2902866535865122E-4 7775
-4.6463726581605374E-4 6578
-5.946363980111302E-4 7783
-6.293905173743205E-4 2368
-6.755594222118418E-4 4882
-6.759222997715054E-4 6715
-7.645522664240293E-4 5747
-8.704869583839426E-4 3603
-9.444796476024591E-4 2608
-0.001101187870746926 2163
-0.001183286808007486 9204
-0.0012066011102727875 1824
-0.0013495559890922893 2671
-0.0014287263855146163 2101
-0.0018947550749664837 10254
-0.002046055745998746 6652
-0.002395869815627842 3518
-0.002479969884992124 7069
-0.002834319255622087 2275
-0.002872148494504467 3027
-0.0029117430241184603 6733
-0.003067387856651656 2570
-0.0030807828435741496 11187
-0.003216760448739234 4790
-0.0033685610567831922 12123
-0.0037914474218218312 9801
-0.004003281819031946 5174
-0.004143618759852044 8333
-0.004534769513050314 12061
-0.004606335007284371 7116
-0.005655160964894501 5094
-0.006136500928942739 9070
-0.006161656041111775 9811
-0.006426482681407074 8380
-0.007231227226123176 10483
-0.007392828066349119 1209
-0.007464280108673841 7055
-0.007860020157895912 2560
-0.008313758535215455 3440
-0.010963102517794062 1565
-0.010964638705706757 11628
-0.011567330418515943 8784
-0.013444938868783781 5875
-0.01562081481409042 4362
-0.016621687393968188 5126
-0.022754918276623397 8933
-0.02281426624678711 10763
