0.12885505011565151 0109
0.11815728604471858 2296
0.10736314572089437 0801
0.08182343870470316 4362
0.07594448727833462 5126
0.06871626831148805 6528
0.061295296838858905 1015
0.058404009252120276 8933
0.05734387047031612 8333
0.0543562066306862 11628
0.046164225134926754 10763
0.0457787201233616 0109 0801
0.03633384734001542 7069
0.03594834232845027 8288
0.030165767154973013 10483
0.02958750963762529 9070
0.027852737085582113 7055
0.026888974556669238 3603
0.02602158828064765 3440
0.024575944487278335 1565
0.023901310717039322 9646
0.02120277563608327 2608
0.021106399383191983 2560
0.021010023130300693 8784
0.020528141865844257 9248
0.020431765612952967 8380
0.020239013107170394 5875
0.017347725520431765 7775
0.01725134926754048 3518
0.017058596761757902 0859
0.016673091750192753 2296 8333
0.016287586738627603 9801
0.01561295296838859 9454
0.015131071703932152 0801 4362
0.014938319198149575 5936
0.014938319198149575 3019
0.014841942945258289 1209
0.014456437933693137 1824
0.014360061680801851 10288
0.014263685427910563 7401
0.0139745566692367 6608
0.0139745566692367 2368
0.01358905165767155 0801 6528
0.013299922898997688 5094
0.013107170393215111 7116
0.013010794140323825 10254
0.012818041634541248 6733
0.012721665381649962 2570
0.012432536622976099 2671
0.012432536622976099 2275
0.01233616037008481 9811
0.012143407864302236 2101
0.011854279105628373 6998
0.011854279105628373 10123
0.011757902852737086 12061
0.01156515034695451 11187
0.01156515034695451 12123
0.01156515034695451 5079
0.011468774094063224 6715
0.011468774094063224 6578
0.011372397841171935 3027
0.011372397841171935 6652
0.01117964533538936 2296 9248
0.01117964533538936 9204
0.011083269082498072 5174
0.011083269082498072 2163
0.011083269082498072 5747
0.01079414032382421 1824 8333
0.010601387818041635 4790
0.010505011565150347 0801 11628
0.010505011565150347 2296 4362
0.01040863531225906 4882
0.01040863531225906 0801 10763
0.01040863531225906 9310
0.010312259059367772 2296 6608
0.010119506553585197 6056
0.010119506553585197 7783
