0.1863412590342516 10763
0.17984707237875772 11340
0.1399392479312873 8933
0.05918089452183932 8438
0.05530533151775427 6142
0.05352466743479627 4947
0.04975384937676757 9396
0.04786844034775322 10763 11340
0.03959358960930135 1440
0.03844139520268147 7153
0.035613281659159945 5094
0.03351838273803289 11628
0.03309940295380748 9811
0.03299465800775113 5755
0.03163297370901854 10510
0.030585524248455013 3440
0.02943332984183513 4616
0.02932858489577878 1847
0.02670996124436996 4362
0.026081491568031842 5336
0.024929297161411963 8933 10763
0.023986592646904788 8535
0.023986592646904788 5815
0.02335812297056667 8438 10763
0.022834398240284905 8262
0.022520163402115847 6142 7153
0.021786948779721378 1440 8933
0.021367968995495968 5865
0.021367968995495968 6142 11340
0.02105373415732691 1438
0.020530009427045144 3828
0.020006284696763382 8438 8933
0.01927307007436891 1342
0.018644600398030797 5579
0.018330365559861738 11868
0.01801613072169268 0554
0.017178171153241856 7153 11340
0.017073426207185504 4947 10763
0.016340211584791035 8477
0.016340211584791035 7070
0.01581648685450927 6468
0.01571174190845292 3229
0.015606996962396565 11078
0.015397507070283858 1565
0.015292762124227506 4947 11340
0.015188017178171153 9628
0.014873782340002095 6142 7153 11340
0.014769037393945743 12123
0.01466429244788939 7868
0.014350057609720331 8769
0.01393107782549492 4802
0.013512098041269509 3818
0.013407353095213155 8438 11340
0.012359903634649628 5579 10763
0.011940923850424216 9801
0.011940923850424216 9070
0.011836178904367865 8933 11340
0.01162668901225516 9290
0.011521944066198806 8064
0.011417199120142453 4616 11868
0.011417199120142453 2850
0.011207709228029748 4802 5755
0.011207709228029748 10043
0.011207709228029748 9396 11340
0.010998219335917042 2830
0.010998219335917042 9547
0.010788729443804336 3470
0.010788729443804336 9776
0.010788729443804336 9811 10763
0.010474494605635279 1565 8933
0.010369749659578925 2510
0.010369749659578925 8003
0.010265004713522572 6142 10763
0.010265004713522572 1440 10763
0.01016025976746622 0192
0.01016025976746622 5915
0.01016025976746622 1438 11340
0.01016025976746622 4362 10763
0.010055514821409867 9396 10763
0.010055514821409867 10069
0.010055514821409867 5094 11340
