0.21648977987421383 11340
0.18376572327044025 10763
0.12912735849056603 8933
0.11409198113207547 5875
0.05552279874213836 8438
0.05522798742138365 4947
0.05345911949685535 10213
0.0504127358490566 6142
0.0504127358490566 3254
0.050019654088050314 10763 11340
0.04589229559748428 1438
0.04294418238993711 4362
0.042354559748427674 0109
0.03930817610062893 9396
0.03891509433962264 2296
0.03734276729559748 5094
0.031741352201257865 7153
0.03046383647798742 1440
0.030169025157232705 8333
0.028989779874213837 10510
0.02790880503144654 5875 10213
0.02781053459119497 9811
0.027122641509433963 3440
0.025058962264150945 9801
0.02446933962264151 11437
0.023781446540880505 5336
0.02358490566037736 5875 11340
0.02358490566037736 5815
0.023388364779874212 0801
0.023093553459119495 11078
0.023093553459119495 5755
0.022602201257861634 8933 10763
0.022602201257861634 7069
0.02250393081761006 8535
0.02250393081761006 6142 11340
0.022110849056603772 8438 10763
0.021717767295597483 6142 7153
0.021422955974842766 8262
0.021324685534591194 2560
0.021324685534591194 1847
0.020833333333333332 1438 11340
0.019555817610062892 9248
0.01818003144654088 1440 8933
0.017983490566037735 8438 8933
0.01690251572327044 7153 11340
0.016804245283018868 4947 10763
0.01611635220125786 3229
0.015821540880503145 9290
0.015821540880503145 8847
0.015526729559748428 5865
0.015330188679245283 7070
0.015133647798742138 4616
0.015133647798742138 0554
0.014937106918238994 6142 7153 11340
0.014937106918238994 3306
0.014642295597484277 4947 11340
0.014249213836477988 0109 10763
0.014052672955974843 8477
0.014052672955974843 1067
0.01395440251572327 3518
0.013561320754716982 1824
0.01346305031446541 10483
0.01306996855345912 6431
0.01306996855345912 4802
0.01306996855345912 4362 10763
0.012971698113207548 2830
0.012775157232704403 11763
0.01267688679245283 8438 11340
0.012382075471698114 2194
0.012382075471698114 7868
0.012283805031446542 5579
0.012087264150943397 10307
0.011988993710691825 9547
0.011890723270440252 4359
0.011694182389937106 5126
0.011694182389937106 5875 8933
0.011694182389937106 10043
0.011497641509433961 6733
0.011301100628930817 5915
0.011301100628930817 5875 10763
0.011104559748427672 8359
0.0110062893081761 8933 11340
0.010908018867924528 2510
0.010908018867924528 9396 11340
0.010809748427672955 10093
0.010711477987421383 0109 0801
0.01061320754716981 3828
0.010514937106918238 8860
0.010416666666666666 2044
0.010318396226415094 11585
0.010318396226415094 4802 5755
0.010220125786163521 6142 10763
0.010220125786163521 8769
0.010220125786163521 9204
0.01012185534591195 5579 10763
